*AnalysisType,103,2dPlaneStain
*Point
1,0,-1.5
2,2.2727,-1.5
3,4.5455,-1.5
4,6.8182,-1.5
5,9.0909,-1.5
6,11.3636,-1.5
7,13.6364,-1.5
8,15.9091,-1.5
9,18.1818,-1.5
10,20.4545,-1.5
11,22.7273,-1.5
12,25,-1.5
13,27.2727,-1.5
14,29.5455,-1.5
15,31.8182,-1.5
16,34.0909,-1.5
17,36.3636,-1.5
18,38.6364,-1.5
19,40.9091,-1.5
20,43.1818,-1.5
21,45.4545,-1.5
22,47.7273,-1.5
23,50,-1.5
24,0,-1.398
25,2.2727,-1.398
26,4.5455,-1.398
27,6.8182,-1.398
28,9.0909,-1.398
29,11.3636,-1.398
30,13.6364,-1.398
31,15.9091,-1.398
32,18.1818,-1.398
33,20.4545,-1.398
34,22.7273,-1.398
35,25,-1.398
36,27.2727,-1.398
37,29.5455,-1.398
38,31.8182,-1.398
39,34.0909,-1.398
40,36.3636,-1.398
41,38.6364,-1.398
42,40.9091,-1.398
43,43.1818,-1.398
44,45.4545,-1.398
45,47.7273,-1.398
46,50,-1.398
47,0,-1.2959
48,2.2727,-1.2959
49,4.5455,-1.2959
50,6.8182,-1.2959
51,9.0909,-1.2959
52,11.3636,-1.2959
53,13.6364,-1.2959
54,15.9091,-1.2959
55,18.1818,-1.2959
56,20.4545,-1.2959
57,22.7273,-1.2959
58,25,-1.2959
59,27.2727,-1.2959
60,29.5455,-1.2959
61,31.8182,-1.2959
62,34.0909,-1.2959
63,36.3636,-1.2959
64,38.6364,-1.2959
65,40.9091,-1.2959
66,43.1818,-1.2959
67,45.4545,-1.2959
68,47.7273,-1.2959
69,50,-1.2959
70,0,-1.1939
71,2.2727,-1.1939
72,4.5455,-1.1939
73,6.8182,-1.1939
74,9.0909,-1.1939
75,11.3636,-1.1939
76,13.6364,-1.1939
77,15.9091,-1.1939
78,18.1818,-1.1939
79,20.4545,-1.1939
80,22.7273,-1.1939
81,25,-1.1939
82,27.2727,-1.1939
83,29.5455,-1.1939
84,31.8182,-1.1939
85,34.0909,-1.1939
86,36.3636,-1.1939
87,38.6364,-1.1939
88,40.9091,-1.1939
89,43.1818,-1.1939
90,45.4545,-1.1939
91,47.7273,-1.1939
92,50,-1.1939
93,0,-1.0918
94,2.2727,-1.0918
95,4.5455,-1.0918
96,6.8182,-1.0918
97,9.0909,-1.0918
98,11.3636,-1.0918
99,13.6364,-1.0918
100,15.9091,-1.0918
101,18.1818,-1.0918
102,20.4545,-1.0918
103,22.7273,-1.0918
104,25,-1.0918
105,27.2727,-1.0918
106,29.5455,-1.0918
107,31.8182,-1.0918
108,34.0909,-1.0918
109,36.3636,-1.0918
110,38.6364,-1.0918
111,40.9091,-1.0918
112,43.1818,-1.0918
113,45.4545,-1.0918
114,47.7273,-1.0918
115,50,-1.0918
116,0,-0.9898
117,2.2727,-0.9898
118,4.5455,-0.9898
119,6.8182,-0.9898
120,9.0909,-0.9898
121,11.3636,-0.9898
122,13.6364,-0.9898
123,15.9091,-0.9898
124,18.1818,-0.9898
125,20.4545,-0.9898
126,22.7273,-0.9898
127,25,-0.9898
128,27.2727,-0.9898
129,29.5455,-0.9898
130,31.8182,-0.9898
131,34.0909,-0.9898
132,36.3636,-0.9898
133,38.6364,-0.9898
134,40.9091,-0.9898
135,43.1818,-0.9898
136,45.4545,-0.9898
137,47.7273,-0.9898
138,50,-0.9898
139,0,-0.88776
140,2.2727,-0.88776
141,4.5455,-0.88776
142,6.8182,-0.88776
143,9.0909,-0.88776
144,11.3636,-0.88776
145,13.6364,-0.88776
146,15.9091,-0.88776
147,18.1818,-0.88776
148,20.4545,-0.88776
149,22.7273,-0.88776
150,25,-0.88776
151,27.2727,-0.88776
152,29.5455,-0.88776
153,31.8182,-0.88776
154,34.0909,-0.88776
155,36.3636,-0.88776
156,38.6364,-0.88776
157,40.9091,-0.88776
158,43.1818,-0.88776
159,45.4545,-0.88776
160,47.7273,-0.88776
161,50,-0.88776
162,0,-0.78571
163,2.2727,-0.78571
164,4.5455,-0.78571
165,6.8182,-0.78571
166,9.0909,-0.78571
167,11.3636,-0.78571
168,13.6364,-0.78571
169,15.9091,-0.78571
170,18.1818,-0.78571
171,20.4545,-0.78571
172,22.7273,-0.78571
173,25,-0.78571
174,27.2727,-0.78571
175,29.5455,-0.78571
176,31.8182,-0.78571
177,34.0909,-0.78571
178,36.3636,-0.78571
179,38.6364,-0.78571
180,40.9091,-0.78571
181,43.1818,-0.78571
182,45.4545,-0.78571
183,47.7273,-0.78571
184,50,-0.78571
185,0,-0.68367
186,2.2727,-0.68367
187,4.5455,-0.68367
188,6.8182,-0.68367
189,9.0909,-0.68367
190,11.3636,-0.68367
191,13.6364,-0.68367
192,15.9091,-0.68367
193,18.1818,-0.68367
194,20.4545,-0.68367
195,22.7273,-0.68367
196,25,-0.68367
197,27.2727,-0.68367
198,29.5455,-0.68367
199,31.8182,-0.68367
200,34.0909,-0.68367
201,36.3636,-0.68367
202,38.6364,-0.68367
203,40.9091,-0.68367
204,43.1818,-0.68367
205,45.4545,-0.68367
206,47.7273,-0.68367
207,50,-0.68367
208,0,-0.58163
209,2.2727,-0.58163
210,4.5455,-0.58163
211,6.8182,-0.58163
212,9.0909,-0.58163
213,11.3636,-0.58163
214,13.6364,-0.58163
215,15.9091,-0.58163
216,18.1818,-0.58163
217,20.4545,-0.58163
218,22.7273,-0.58163
219,25,-0.58163
220,27.2727,-0.58163
221,29.5455,-0.58163
222,31.8182,-0.58163
223,34.0909,-0.58163
224,36.3636,-0.58163
225,38.6364,-0.58163
226,40.9091,-0.58163
227,43.1818,-0.58163
228,45.4545,-0.58163
229,47.7273,-0.58163
230,50,-0.58163
231,0,-0.47959
232,2.2727,-0.47959
233,4.5455,-0.47959
234,6.8182,-0.47959
235,9.0909,-0.47959
236,11.3636,-0.47959
237,13.6364,-0.47959
238,15.9091,-0.47959
239,18.1818,-0.47959
240,20.4545,-0.47959
241,22.7273,-0.47959
242,25,-0.47959
243,27.2727,-0.47959
244,29.5455,-0.47959
245,31.8182,-0.47959
246,34.0909,-0.47959
247,36.3636,-0.47959
248,38.6364,-0.47959
249,40.9091,-0.47959
250,43.1818,-0.47959
251,45.4545,-0.47959
252,47.7273,-0.47959
253,50,-0.47959
254,0,-0.37755
255,2.2727,-0.37755
256,4.5455,-0.37755
257,6.8182,-0.37755
258,9.0909,-0.37755
259,11.3636,-0.37755
260,13.6364,-0.37755
261,15.9091,-0.37755
262,18.1818,-0.37755
263,20.4545,-0.37755
264,22.7273,-0.37755
265,25,-0.37755
266,27.2727,-0.37755
267,29.5455,-0.37755
268,31.8182,-0.37755
269,34.0909,-0.37755
270,36.3636,-0.37755
271,38.6364,-0.37755
272,40.9091,-0.37755
273,43.1818,-0.37755
274,45.4545,-0.37755
275,47.7273,-0.37755
276,50,-0.37755
277,0,-0.27551
278,2.2727,-0.27551
279,4.5455,-0.27551
280,6.8182,-0.27551
281,9.0909,-0.27551
282,11.3636,-0.27551
283,13.6364,-0.27551
284,15.9091,-0.27551
285,18.1818,-0.27551
286,20.4545,-0.27551
287,22.7273,-0.27551
288,25,-0.27551
289,27.2727,-0.27551
290,29.5455,-0.27551
291,31.8182,-0.27551
292,34.0909,-0.27551
293,36.3636,-0.27551
294,38.6364,-0.27551
295,40.9091,-0.27551
296,43.1818,-0.27551
297,45.4545,-0.27551
298,47.7273,-0.27551
299,50,-0.27551
300,0,-0.17347
301,2.2727,-0.17347
302,4.5455,-0.17347
303,6.8182,-0.17347
304,9.0909,-0.17347
305,11.3636,-0.17347
306,13.6364,-0.17347
307,15.9091,-0.17347
308,18.1818,-0.17347
309,20.4545,-0.17347
310,22.7273,-0.17347
311,25,-0.17347
312,27.2727,-0.17347
313,29.5455,-0.17347
314,31.8182,-0.17347
315,34.0909,-0.17347
316,36.3636,-0.17347
317,38.6364,-0.17347
318,40.9091,-0.17347
319,43.1818,-0.17347
320,45.4545,-0.17347
321,47.7273,-0.17347
322,50,-0.17347
323,0,-0.071429
324,2.2727,-0.071429
325,4.5455,-0.071429
326,6.8182,-0.071429
327,9.0909,-0.071429
328,11.3636,-0.071429
329,13.6364,-0.071429
330,15.9091,-0.071429
331,18.1818,-0.071429
332,20.4545,-0.071429
333,22.7273,-0.071429
334,25,-0.071429
335,27.2727,-0.071429
336,29.5455,-0.071429
337,31.8182,-0.071429
338,34.0909,-0.071429
339,36.3636,-0.071429
340,38.6364,-0.071429
341,40.9091,-0.071429
342,43.1818,-0.071429
343,45.4545,-0.071429
344,47.7273,-0.071429
345,50,-0.071429
346,0,0.030612
347,2.2727,0.030612
348,4.5455,0.030612
349,6.8182,0.030612
350,9.0909,0.030612
351,11.3636,0.030612
352,13.6364,0.030612
353,15.9091,0.030612
354,18.1818,0.030612
355,20.4545,0.030612
356,22.7273,0.030612
357,25,0.030612
358,27.2727,0.030612
359,29.5455,0.030612
360,31.8182,0.030612
361,34.0909,0.030612
362,36.3636,0.030612
363,38.6364,0.030612
364,40.9091,0.030612
365,43.1818,0.030612
366,45.4545,0.030612
367,47.7273,0.030612
368,50,0.030612
369,0,0.13265
370,2.2727,0.13265
371,4.5455,0.13265
372,6.8182,0.13265
373,9.0909,0.13265
374,11.3636,0.13265
375,13.6364,0.13265
376,15.9091,0.13265
377,18.1818,0.13265
378,20.4545,0.13265
379,22.7273,0.13265
380,25,0.13265
381,27.2727,0.13265
382,29.5455,0.13265
383,31.8182,0.13265
384,34.0909,0.13265
385,36.3636,0.13265
386,38.6364,0.13265
387,40.9091,0.13265
388,43.1818,0.13265
389,45.4545,0.13265
390,47.7273,0.13265
391,50,0.13265
392,0,0.23469
393,2.2727,0.23469
394,4.5455,0.23469
395,6.8182,0.23469
396,9.0909,0.23469
397,11.3636,0.23469
398,13.6364,0.23469
399,15.9091,0.23469
400,18.1818,0.23469
401,20.4545,0.23469
402,22.7273,0.23469
403,25,0.23469
404,27.2727,0.23469
405,29.5455,0.23469
406,31.8182,0.23469
407,34.0909,0.23469
408,36.3636,0.23469
409,38.6364,0.23469
410,40.9091,0.23469
411,43.1818,0.23469
412,45.4545,0.23469
413,47.7273,0.23469
414,50,0.23469
415,0,0.33673
416,2.2727,0.33673
417,4.5455,0.33673
418,6.8182,0.33673
419,9.0909,0.33673
420,11.3636,0.33673
421,13.6364,0.33673
422,15.9091,0.33673
423,18.1818,0.33673
424,20.4545,0.33673
425,22.7273,0.33673
426,25,0.33673
427,27.2727,0.33673
428,29.5455,0.33673
429,31.8182,0.33673
430,34.0909,0.33673
431,36.3636,0.33673
432,38.6364,0.33673
433,40.9091,0.33673
434,43.1818,0.33673
435,45.4545,0.33673
436,47.7273,0.33673
437,50,0.33673
438,0,0.43878
439,2.2727,0.43878
440,4.5455,0.43878
441,6.8182,0.43878
442,9.0909,0.43878
443,11.3636,0.43878
444,13.6364,0.43878
445,15.9091,0.43878
446,18.1818,0.43878
447,20.4545,0.43878
448,22.7273,0.43878
449,25,0.43878
450,27.2727,0.43878
451,29.5455,0.43878
452,31.8182,0.43878
453,34.0909,0.43878
454,36.3636,0.43878
455,38.6364,0.43878
456,40.9091,0.43878
457,43.1818,0.43878
458,45.4545,0.43878
459,47.7273,0.43878
460,50,0.43878
461,0,0.54082
462,2.2727,0.54082
463,4.5455,0.54082
464,6.8182,0.54082
465,9.0909,0.54082
466,11.3636,0.54082
467,13.6364,0.54082
468,15.9091,0.54082
469,18.1818,0.54082
470,20.4545,0.54082
471,22.7273,0.54082
472,25,0.54082
473,27.2727,0.54082
474,29.5455,0.54082
475,31.8182,0.54082
476,34.0909,0.54082
477,36.3636,0.54082
478,38.6364,0.54082
479,40.9091,0.54082
480,43.1818,0.54082
481,45.4545,0.54082
482,47.7273,0.54082
483,50,0.54082
484,0,0.64286
485,2.2727,0.64286
486,4.5455,0.64286
487,6.8182,0.64286
488,9.0909,0.64286
489,11.3636,0.64286
490,13.6364,0.64286
491,15.9091,0.64286
492,18.1818,0.64286
493,20.4545,0.64286
494,22.7273,0.64286
495,25,0.64286
496,27.2727,0.64286
497,29.5455,0.64286
498,31.8182,0.64286
499,34.0909,0.64286
500,36.3636,0.64286
501,38.6364,0.64286
502,40.9091,0.64286
503,43.1818,0.64286
504,45.4545,0.64286
505,47.7273,0.64286
506,50,0.64286
507,0,0.7449
508,2.2727,0.7449
509,4.5455,0.7449
510,6.8182,0.7449
511,9.0909,0.7449
512,11.3636,0.7449
513,13.6364,0.7449
514,15.9091,0.7449
515,18.1818,0.7449
516,20.4545,0.7449
517,22.7273,0.7449
518,25,0.7449
519,27.2727,0.7449
520,29.5455,0.7449
521,31.8182,0.7449
522,34.0909,0.7449
523,36.3636,0.7449
524,38.6364,0.7449
525,40.9091,0.7449
526,43.1818,0.7449
527,45.4545,0.7449
528,47.7273,0.7449
529,50,0.7449
530,0,0.84694
531,2.2727,0.84694
532,4.5455,0.84694
533,6.8182,0.84694
534,9.0909,0.84694
535,11.3636,0.84694
536,13.6364,0.84694
537,15.9091,0.84694
538,18.1818,0.84694
539,20.4545,0.84694
540,22.7273,0.84694
541,25,0.84694
542,27.2727,0.84694
543,29.5455,0.84694
544,31.8182,0.84694
545,34.0909,0.84694
546,36.3636,0.84694
547,38.6364,0.84694
548,40.9091,0.84694
549,43.1818,0.84694
550,45.4545,0.84694
551,47.7273,0.84694
552,50,0.84694
553,0,0.94898
554,2.2727,0.94898
555,4.5455,0.94898
556,6.8182,0.94898
557,9.0909,0.94898
558,11.3636,0.94898
559,13.6364,0.94898
560,15.9091,0.94898
561,18.1818,0.94898
562,20.4545,0.94898
563,22.7273,0.94898
564,25,0.94898
565,27.2727,0.94898
566,29.5455,0.94898
567,31.8182,0.94898
568,34.0909,0.94898
569,36.3636,0.94898
570,38.6364,0.94898
571,40.9091,0.94898
572,43.1818,0.94898
573,45.4545,0.94898
574,47.7273,0.94898
575,50,0.94898
576,0,1.051
577,2.2727,1.051
578,4.5455,1.051
579,6.8182,1.051
580,9.0909,1.051
581,11.3636,1.051
582,13.6364,1.051
583,15.9091,1.051
584,18.1818,1.051
585,20.4545,1.051
586,22.7273,1.051
587,25,1.051
588,27.2727,1.051
589,29.5455,1.051
590,31.8182,1.051
591,34.0909,1.051
592,36.3636,1.051
593,38.6364,1.051
594,40.9091,1.051
595,43.1818,1.051
596,45.4545,1.051
597,47.7273,1.051
598,50,1.051
599,0,1.1531
600,2.2727,1.1531
601,4.5455,1.1531
602,6.8182,1.1531
603,9.0909,1.1531
604,11.3636,1.1531
605,13.6364,1.1531
606,15.9091,1.1531
607,18.1818,1.1531
608,20.4545,1.1531
609,22.7273,1.1531
610,25,1.1531
611,27.2727,1.1531
612,29.5455,1.1531
613,31.8182,1.1531
614,34.0909,1.1531
615,36.3636,1.1531
616,38.6364,1.1531
617,40.9091,1.1531
618,43.1818,1.1531
619,45.4545,1.1531
620,47.7273,1.1531
621,50,1.1531
622,0,1.2551
623,2.2727,1.2551
624,4.5455,1.2551
625,6.8182,1.2551
626,9.0909,1.2551
627,11.3636,1.2551
628,13.6364,1.2551
629,15.9091,1.2551
630,18.1818,1.2551
631,20.4545,1.2551
632,22.7273,1.2551
633,25,1.2551
634,27.2727,1.2551
635,29.5455,1.2551
636,31.8182,1.2551
637,34.0909,1.2551
638,36.3636,1.2551
639,38.6364,1.2551
640,40.9091,1.2551
641,43.1818,1.2551
642,45.4545,1.2551
643,47.7273,1.2551
644,50,1.2551
645,0,1.3571
646,2.2727,1.3571
647,4.5455,1.3571
648,6.8182,1.3571
649,9.0909,1.3571
650,11.3636,1.3571
651,13.6364,1.3571
652,15.9091,1.3571
653,18.1818,1.3571
654,20.4545,1.3571
655,22.7273,1.3571
656,25,1.3571
657,27.2727,1.3571
658,29.5455,1.3571
659,31.8182,1.3571
660,34.0909,1.3571
661,36.3636,1.3571
662,38.6364,1.3571
663,40.9091,1.3571
664,43.1818,1.3571
665,45.4545,1.3571
666,47.7273,1.3571
667,50,1.3571
668,0,1.4592
669,2.2727,1.4592
670,4.5455,1.4592
671,6.8182,1.4592
672,9.0909,1.4592
673,11.3636,1.4592
674,13.6364,1.4592
675,15.9091,1.4592
676,18.1818,1.4592
677,20.4545,1.4592
678,22.7273,1.4592
679,25,1.4592
680,27.2727,1.4592
681,29.5455,1.4592
682,31.8182,1.4592
683,34.0909,1.4592
684,36.3636,1.4592
685,38.6364,1.4592
686,40.9091,1.4592
687,43.1818,1.4592
688,45.4545,1.4592
689,47.7273,1.4592
690,50,1.4592
691,0,1.5612
692,2.2727,1.5612
693,4.5455,1.5612
694,6.8182,1.5612
695,9.0909,1.5612
696,11.3636,1.5612
697,13.6364,1.5612
698,15.9091,1.5612
699,18.1818,1.5612
700,20.4545,1.5612
701,22.7273,1.5612
702,25,1.5612
703,27.2727,1.5612
704,29.5455,1.5612
705,31.8182,1.5612
706,34.0909,1.5612
707,36.3636,1.5612
708,38.6364,1.5612
709,40.9091,1.5612
710,43.1818,1.5612
711,45.4545,1.5612
712,47.7273,1.5612
713,50,1.5612
714,0,1.6633
715,2.2727,1.6633
716,4.5455,1.6633
717,6.8182,1.6633
718,9.0909,1.6633
719,11.3636,1.6633
720,13.6364,1.6633
721,15.9091,1.6633
722,18.1818,1.6633
723,20.4545,1.6633
724,22.7273,1.6633
725,25,1.6633
726,27.2727,1.6633
727,29.5455,1.6633
728,31.8182,1.6633
729,34.0909,1.6633
730,36.3636,1.6633
731,38.6364,1.6633
732,40.9091,1.6633
733,43.1818,1.6633
734,45.4545,1.6633
735,47.7273,1.6633
736,50,1.6633
737,0,1.7653
738,2.2727,1.7653
739,4.5455,1.7653
740,6.8182,1.7653
741,9.0909,1.7653
742,11.3636,1.7653
743,13.6364,1.7653
744,15.9091,1.7653
745,18.1818,1.7653
746,20.4545,1.7653
747,22.7273,1.7653
748,25,1.7653
749,27.2727,1.7653
750,29.5455,1.7653
751,31.8182,1.7653
752,34.0909,1.7653
753,36.3636,1.7653
754,38.6364,1.7653
755,40.9091,1.7653
756,43.1818,1.7653
757,45.4545,1.7653
758,47.7273,1.7653
759,50,1.7653
760,0,1.8673
761,2.2727,1.8673
762,4.5455,1.8673
763,6.8182,1.8673
764,9.0909,1.8673
765,11.3636,1.8673
766,13.6364,1.8673
767,15.9091,1.8673
768,18.1818,1.8673
769,20.4545,1.8673
770,22.7273,1.8673
771,25,1.8673
772,27.2727,1.8673
773,29.5455,1.8673
774,31.8182,1.8673
775,34.0909,1.8673
776,36.3636,1.8673
777,38.6364,1.8673
778,40.9091,1.8673
779,43.1818,1.8673
780,45.4545,1.8673
781,47.7273,1.8673
782,50,1.8673
783,0,1.9694
784,2.2727,1.9694
785,4.5455,1.9694
786,6.8182,1.9694
787,9.0909,1.9694
788,11.3636,1.9694
789,13.6364,1.9694
790,15.9091,1.9694
791,18.1818,1.9694
792,20.4545,1.9694
793,22.7273,1.9694
794,25,1.9694
795,27.2727,1.9694
796,29.5455,1.9694
797,31.8182,1.9694
798,34.0909,1.9694
799,36.3636,1.9694
800,38.6364,1.9694
801,40.9091,1.9694
802,43.1818,1.9694
803,45.4545,1.9694
804,47.7273,1.9694
805,50,1.9694
806,0,2.0714
807,2.2727,2.0714
808,4.5455,2.0714
809,6.8182,2.0714
810,9.0909,2.0714
811,11.3636,2.0714
812,13.6364,2.0714
813,15.9091,2.0714
814,18.1818,2.0714
815,20.4545,2.0714
816,22.7273,2.0714
817,25,2.0714
818,27.2727,2.0714
819,29.5455,2.0714
820,31.8182,2.0714
821,34.0909,2.0714
822,36.3636,2.0714
823,38.6364,2.0714
824,40.9091,2.0714
825,43.1818,2.0714
826,45.4545,2.0714
827,47.7273,2.0714
828,50,2.0714
829,0,2.1735
830,2.2727,2.1735
831,4.5455,2.1735
832,6.8182,2.1735
833,9.0909,2.1735
834,11.3636,2.1735
835,13.6364,2.1735
836,15.9091,2.1735
837,18.1818,2.1735
838,20.4545,2.1735
839,22.7273,2.1735
840,25,2.1735
841,27.2727,2.1735
842,29.5455,2.1735
843,31.8182,2.1735
844,34.0909,2.1735
845,36.3636,2.1735
846,38.6364,2.1735
847,40.9091,2.1735
848,43.1818,2.1735
849,45.4545,2.1735
850,47.7273,2.1735
851,50,2.1735
852,0,2.2755
853,2.2727,2.2755
854,4.5455,2.2755
855,6.8182,2.2755
856,9.0909,2.2755
857,11.3636,2.2755
858,13.6364,2.2755
859,15.9091,2.2755
860,18.1818,2.2755
861,20.4545,2.2755
862,22.7273,2.2755
863,25,2.2755
864,27.2727,2.2755
865,29.5455,2.2755
866,31.8182,2.2755
867,34.0909,2.2755
868,36.3636,2.2755
869,38.6364,2.2755
870,40.9091,2.2755
871,43.1818,2.2755
872,45.4545,2.2755
873,47.7273,2.2755
874,50,2.2755
875,0,2.3776
876,2.2727,2.3776
877,4.5455,2.3776
878,6.8182,2.3776
879,9.0909,2.3776
880,11.3636,2.3776
881,13.6364,2.3776
882,15.9091,2.3776
883,18.1818,2.3776
884,20.4545,2.3776
885,22.7273,2.3776
886,25,2.3776
887,27.2727,2.3776
888,29.5455,2.3776
889,31.8182,2.3776
890,34.0909,2.3776
891,36.3636,2.3776
892,38.6364,2.3776
893,40.9091,2.3776
894,43.1818,2.3776
895,45.4545,2.3776
896,47.7273,2.3776
897,50,2.3776
898,0,2.4796
899,2.2727,2.4796
900,4.5455,2.4796
901,6.8182,2.4796
902,9.0909,2.4796
903,11.3636,2.4796
904,13.6364,2.4796
905,15.9091,2.4796
906,18.1818,2.4796
907,20.4545,2.4796
908,22.7273,2.4796
909,25,2.4796
910,27.2727,2.4796
911,29.5455,2.4796
912,31.8182,2.4796
913,34.0909,2.4796
914,36.3636,2.4796
915,38.6364,2.4796
916,40.9091,2.4796
917,43.1818,2.4796
918,45.4545,2.4796
919,47.7273,2.4796
920,50,2.4796
921,0,2.5816
922,2.2727,2.5816
923,4.5455,2.5816
924,6.8182,2.5816
925,9.0909,2.5816
926,11.3636,2.5816
927,13.6364,2.5816
928,15.9091,2.5816
929,18.1818,2.5816
930,20.4545,2.5816
931,22.7273,2.5816
932,25,2.5816
933,27.2727,2.5816
934,29.5455,2.5816
935,31.8182,2.5816
936,34.0909,2.5816
937,36.3636,2.5816
938,38.6364,2.5816
939,40.9091,2.5816
940,43.1818,2.5816
941,45.4545,2.5816
942,47.7273,2.5816
943,50,2.5816
944,0,2.6837
945,2.2727,2.6837
946,4.5455,2.6837
947,6.8182,2.6837
948,9.0909,2.6837
949,11.3636,2.6837
950,13.6364,2.6837
951,15.9091,2.6837
952,18.1818,2.6837
953,20.4545,2.6837
954,22.7273,2.6837
955,25,2.6837
956,27.2727,2.6837
957,29.5455,2.6837
958,31.8182,2.6837
959,34.0909,2.6837
960,36.3636,2.6837
961,38.6364,2.6837
962,40.9091,2.6837
963,43.1818,2.6837
964,45.4545,2.6837
965,47.7273,2.6837
966,50,2.6837
967,0,2.7857
968,2.2727,2.7857
969,4.5455,2.7857
970,6.8182,2.7857
971,9.0909,2.7857
972,11.3636,2.7857
973,13.6364,2.7857
974,15.9091,2.7857
975,18.1818,2.7857
976,20.4545,2.7857
977,22.7273,2.7857
978,25,2.7857
979,27.2727,2.7857
980,29.5455,2.7857
981,31.8182,2.7857
982,34.0909,2.7857
983,36.3636,2.7857
984,38.6364,2.7857
985,40.9091,2.7857
986,43.1818,2.7857
987,45.4545,2.7857
988,47.7273,2.7857
989,50,2.7857
990,0,2.8878
991,2.2727,2.8878
992,4.5455,2.8878
993,6.8182,2.8878
994,9.0909,2.8878
995,11.3636,2.8878
996,13.6364,2.8878
997,15.9091,2.8878
998,18.1818,2.8878
999,20.4545,2.8878
1000,22.7273,2.8878
1001,25,2.8878
1002,27.2727,2.8878
1003,29.5455,2.8878
1004,31.8182,2.8878
1005,34.0909,2.8878
1006,36.3636,2.8878
1007,38.6364,2.8878
1008,40.9091,2.8878
1009,43.1818,2.8878
1010,45.4545,2.8878
1011,47.7273,2.8878
1012,50,2.8878
1013,0,2.9898
1014,2.2727,2.9898
1015,4.5455,2.9898
1016,6.8182,2.9898
1017,9.0909,2.9898
1018,11.3636,2.9898
1019,13.6364,2.9898
1020,15.9091,2.9898
1021,18.1818,2.9898
1022,20.4545,2.9898
1023,22.7273,2.9898
1024,25,2.9898
1025,27.2727,2.9898
1026,29.5455,2.9898
1027,31.8182,2.9898
1028,34.0909,2.9898
1029,36.3636,2.9898
1030,38.6364,2.9898
1031,40.9091,2.9898
1032,43.1818,2.9898
1033,45.4545,2.9898
1034,47.7273,2.9898
1035,50,2.9898
1036,0,3.0918
1037,2.2727,3.0918
1038,4.5455,3.0918
1039,6.8182,3.0918
1040,9.0909,3.0918
1041,11.3636,3.0918
1042,13.6364,3.0918
1043,15.9091,3.0918
1044,18.1818,3.0918
1045,20.4545,3.0918
1046,22.7273,3.0918
1047,25,3.0918
1048,27.2727,3.0918
1049,29.5455,3.0918
1050,31.8182,3.0918
1051,34.0909,3.0918
1052,36.3636,3.0918
1053,38.6364,3.0918
1054,40.9091,3.0918
1055,43.1818,3.0918
1056,45.4545,3.0918
1057,47.7273,3.0918
1058,50,3.0918
1059,0,3.1939
1060,2.2727,3.1939
1061,4.5455,3.1939
1062,6.8182,3.1939
1063,9.0909,3.1939
1064,11.3636,3.1939
1065,13.6364,3.1939
1066,15.9091,3.1939
1067,18.1818,3.1939
1068,20.4545,3.1939
1069,22.7273,3.1939
1070,25,3.1939
1071,27.2727,3.1939
1072,29.5455,3.1939
1073,31.8182,3.1939
1074,34.0909,3.1939
1075,36.3636,3.1939
1076,38.6364,3.1939
1077,40.9091,3.1939
1078,43.1818,3.1939
1079,45.4545,3.1939
1080,47.7273,3.1939
1081,50,3.1939
1082,0,3.2959
1083,2.2727,3.2959
1084,4.5455,3.2959
1085,6.8182,3.2959
1086,9.0909,3.2959
1087,11.3636,3.2959
1088,13.6364,3.2959
1089,15.9091,3.2959
1090,18.1818,3.2959
1091,20.4545,3.2959
1092,22.7273,3.2959
1093,25,3.2959
1094,27.2727,3.2959
1095,29.5455,3.2959
1096,31.8182,3.2959
1097,34.0909,3.2959
1098,36.3636,3.2959
1099,38.6364,3.2959
1100,40.9091,3.2959
1101,43.1818,3.2959
1102,45.4545,3.2959
1103,47.7273,3.2959
1104,50,3.2959
1105,0,3.398
1106,2.2727,3.398
1107,4.5455,3.398
1108,6.8182,3.398
1109,9.0909,3.398
1110,11.3636,3.398
1111,13.6364,3.398
1112,15.9091,3.398
1113,18.1818,3.398
1114,20.4545,3.398
1115,22.7273,3.398
1116,25,3.398
1117,27.2727,3.398
1118,29.5455,3.398
1119,31.8182,3.398
1120,34.0909,3.398
1121,36.3636,3.398
1122,38.6364,3.398
1123,40.9091,3.398
1124,43.1818,3.398
1125,45.4545,3.398
1126,47.7273,3.398
1127,50,3.398
1128,0,3.5
1129,2.2727,3.5
1130,4.5455,3.5
1131,6.8182,3.5
1132,9.0909,3.5
1133,11.3636,3.5
1134,13.6364,3.5
1135,15.9091,3.5
1136,18.1818,3.5
1137,20.4545,3.5
1138,22.7273,3.5
1139,25,3.5
1140,27.2727,3.5
1141,29.5455,3.5
1142,31.8182,3.5
1143,34.0909,3.5
1144,36.3636,3.5
1145,38.6364,3.5
1146,40.9091,3.5
1147,43.1818,3.5
1148,45.4545,3.5
1149,47.7273,3.5
1150,50,3.5
*Element
1,QUAD4,1,2,25,24,1
2,QUAD4,2,3,26,25,1
3,QUAD4,3,4,27,26,1
4,QUAD4,4,5,28,27,1
5,QUAD4,5,6,29,28,1
6,QUAD4,6,7,30,29,1
7,QUAD4,7,8,31,30,1
8,QUAD4,8,9,32,31,1
9,QUAD4,9,10,33,32,1
10,QUAD4,10,11,34,33,1
11,QUAD4,11,12,35,34,1
12,QUAD4,12,13,36,35,1
13,QUAD4,13,14,37,36,1
14,QUAD4,14,15,38,37,1
15,QUAD4,15,16,39,38,1
16,QUAD4,16,17,40,39,1
17,QUAD4,17,18,41,40,1
18,QUAD4,18,19,42,41,1
19,QUAD4,19,20,43,42,1
20,QUAD4,20,21,44,43,1
21,QUAD4,21,22,45,44,1
22,QUAD4,22,23,46,45,1
23,QUAD4,24,25,48,47,1
24,QUAD4,25,26,49,48,1
25,QUAD4,26,27,50,49,1
26,QUAD4,27,28,51,50,1
27,QUAD4,28,29,52,51,1
28,QUAD4,29,30,53,52,1
29,QUAD4,30,31,54,53,1
30,QUAD4,31,32,55,54,1
31,QUAD4,32,33,56,55,1
32,QUAD4,33,34,57,56,1
33,QUAD4,34,35,58,57,1
34,QUAD4,35,36,59,58,1
35,QUAD4,36,37,60,59,1
36,QUAD4,37,38,61,60,1
37,QUAD4,38,39,62,61,1
38,QUAD4,39,40,63,62,1
39,QUAD4,40,41,64,63,1
40,QUAD4,41,42,65,64,1
41,QUAD4,42,43,66,65,1
42,QUAD4,43,44,67,66,1
43,QUAD4,44,45,68,67,1
44,QUAD4,45,46,69,68,1
45,QUAD4,47,48,71,70,1
46,QUAD4,48,49,72,71,1
47,QUAD4,49,50,73,72,1
48,QUAD4,50,51,74,73,1
49,QUAD4,51,52,75,74,1
50,QUAD4,52,53,76,75,1
51,QUAD4,53,54,77,76,1
52,QUAD4,54,55,78,77,1
53,QUAD4,55,56,79,78,1
54,QUAD4,56,57,80,79,1
55,QUAD4,57,58,81,80,1
56,QUAD4,58,59,82,81,1
57,QUAD4,59,60,83,82,1
58,QUAD4,60,61,84,83,1
59,QUAD4,61,62,85,84,1
60,QUAD4,62,63,86,85,1
61,QUAD4,63,64,87,86,1
62,QUAD4,64,65,88,87,1
63,QUAD4,65,66,89,88,1
64,QUAD4,66,67,90,89,1
65,QUAD4,67,68,91,90,1
66,QUAD4,68,69,92,91,1
67,QUAD4,70,71,94,93,1
68,QUAD4,71,72,95,94,1
69,QUAD4,72,73,96,95,1
70,QUAD4,73,74,97,96,1
71,QUAD4,74,75,98,97,1
72,QUAD4,75,76,99,98,1
73,QUAD4,76,77,100,99,1
74,QUAD4,77,78,101,100,1
75,QUAD4,78,79,102,101,1
76,QUAD4,79,80,103,102,1
77,QUAD4,80,81,104,103,1
78,QUAD4,81,82,105,104,1
79,QUAD4,82,83,106,105,1
80,QUAD4,83,84,107,106,1
81,QUAD4,84,85,108,107,1
82,QUAD4,85,86,109,108,1
83,QUAD4,86,87,110,109,1
84,QUAD4,87,88,111,110,1
85,QUAD4,88,89,112,111,1
86,QUAD4,89,90,113,112,1
87,QUAD4,90,91,114,113,1
88,QUAD4,91,92,115,114,1
89,QUAD4,93,94,117,116,1
90,QUAD4,94,95,118,117,1
91,QUAD4,95,96,119,118,1
92,QUAD4,96,97,120,119,1
93,QUAD4,97,98,121,120,1
94,QUAD4,98,99,122,121,1
95,QUAD4,99,100,123,122,1
96,QUAD4,100,101,124,123,1
97,QUAD4,101,102,125,124,1
98,QUAD4,102,103,126,125,1
99,QUAD4,103,104,127,126,1
100,QUAD4,104,105,128,127,1
101,QUAD4,105,106,129,128,1
102,QUAD4,106,107,130,129,1
103,QUAD4,107,108,131,130,1
104,QUAD4,108,109,132,131,1
105,QUAD4,109,110,133,132,1
106,QUAD4,110,111,134,133,1
107,QUAD4,111,112,135,134,1
108,QUAD4,112,113,136,135,1
109,QUAD4,113,114,137,136,1
110,QUAD4,114,115,138,137,1
111,QUAD4,116,117,140,139,1
112,QUAD4,117,118,141,140,1
113,QUAD4,118,119,142,141,1
114,QUAD4,119,120,143,142,1
115,QUAD4,120,121,144,143,1
116,QUAD4,121,122,145,144,1
117,QUAD4,122,123,146,145,1
118,QUAD4,123,124,147,146,1
119,QUAD4,124,125,148,147,1
120,QUAD4,125,126,149,148,1
121,QUAD4,126,127,150,149,1
122,QUAD4,127,128,151,150,1
123,QUAD4,128,129,152,151,1
124,QUAD4,129,130,153,152,1
125,QUAD4,130,131,154,153,1
126,QUAD4,131,132,155,154,1
127,QUAD4,132,133,156,155,1
128,QUAD4,133,134,157,156,1
129,QUAD4,134,135,158,157,1
130,QUAD4,135,136,159,158,1
131,QUAD4,136,137,160,159,1
132,QUAD4,137,138,161,160,1
133,QUAD4,139,140,163,162,1
134,QUAD4,140,141,164,163,1
135,QUAD4,141,142,165,164,1
136,QUAD4,142,143,166,165,1
137,QUAD4,143,144,167,166,1
138,QUAD4,144,145,168,167,1
139,QUAD4,145,146,169,168,1
140,QUAD4,146,147,170,169,1
141,QUAD4,147,148,171,170,1
142,QUAD4,148,149,172,171,1
143,QUAD4,149,150,173,172,1
144,QUAD4,150,151,174,173,1
145,QUAD4,151,152,175,174,1
146,QUAD4,152,153,176,175,1
147,QUAD4,153,154,177,176,1
148,QUAD4,154,155,178,177,1
149,QUAD4,155,156,179,178,1
150,QUAD4,156,157,180,179,1
151,QUAD4,157,158,181,180,1
152,QUAD4,158,159,182,181,1
153,QUAD4,159,160,183,182,1
154,QUAD4,160,161,184,183,1
155,QUAD4,162,163,186,185,1
156,QUAD4,163,164,187,186,1
157,QUAD4,164,165,188,187,1
158,QUAD4,165,166,189,188,1
159,QUAD4,166,167,190,189,1
160,QUAD4,167,168,191,190,1
161,QUAD4,168,169,192,191,1
162,QUAD4,169,170,193,192,1
163,QUAD4,170,171,194,193,1
164,QUAD4,171,172,195,194,1
165,QUAD4,172,173,196,195,1
166,QUAD4,173,174,197,196,1
167,QUAD4,174,175,198,197,1
168,QUAD4,175,176,199,198,1
169,QUAD4,176,177,200,199,1
170,QUAD4,177,178,201,200,1
171,QUAD4,178,179,202,201,1
172,QUAD4,179,180,203,202,1
173,QUAD4,180,181,204,203,1
174,QUAD4,181,182,205,204,1
175,QUAD4,182,183,206,205,1
176,QUAD4,183,184,207,206,1
177,QUAD4,185,186,209,208,1
178,QUAD4,186,187,210,209,1
179,QUAD4,187,188,211,210,1
180,QUAD4,188,189,212,211,1
181,QUAD4,189,190,213,212,1
182,QUAD4,190,191,214,213,1
183,QUAD4,191,192,215,214,1
184,QUAD4,192,193,216,215,1
185,QUAD4,193,194,217,216,1
186,QUAD4,194,195,218,217,1
187,QUAD4,195,196,219,218,1
188,QUAD4,196,197,220,219,1
189,QUAD4,197,198,221,220,1
190,QUAD4,198,199,222,221,1
191,QUAD4,199,200,223,222,1
192,QUAD4,200,201,224,223,1
193,QUAD4,201,202,225,224,1
194,QUAD4,202,203,226,225,1
195,QUAD4,203,204,227,226,1
196,QUAD4,204,205,228,227,1
197,QUAD4,205,206,229,228,1
198,QUAD4,206,207,230,229,1
199,QUAD4,208,209,232,231,1
200,QUAD4,209,210,233,232,1
201,QUAD4,210,211,234,233,1
202,QUAD4,211,212,235,234,1
203,QUAD4,212,213,236,235,1
204,QUAD4,213,214,237,236,1
205,QUAD4,214,215,238,237,1
206,QUAD4,215,216,239,238,1
207,QUAD4,216,217,240,239,1
208,QUAD4,217,218,241,240,1
209,QUAD4,218,219,242,241,1
210,QUAD4,219,220,243,242,1
211,QUAD4,220,221,244,243,1
212,QUAD4,221,222,245,244,1
213,QUAD4,222,223,246,245,1
214,QUAD4,223,224,247,246,1
215,QUAD4,224,225,248,247,1
216,QUAD4,225,226,249,248,1
217,QUAD4,226,227,250,249,1
218,QUAD4,227,228,251,250,1
219,QUAD4,228,229,252,251,1
220,QUAD4,229,230,253,252,1
221,QUAD4,231,232,255,254,1
222,QUAD4,232,233,256,255,1
223,QUAD4,233,234,257,256,1
224,QUAD4,234,235,258,257,1
225,QUAD4,235,236,259,258,1
226,QUAD4,236,237,260,259,1
227,QUAD4,237,238,261,260,1
228,QUAD4,238,239,262,261,1
229,QUAD4,239,240,263,262,1
230,QUAD4,240,241,264,263,1
231,QUAD4,241,242,265,264,1
232,QUAD4,242,243,266,265,1
233,QUAD4,243,244,267,266,1
234,QUAD4,244,245,268,267,1
235,QUAD4,245,246,269,268,1
236,QUAD4,246,247,270,269,1
237,QUAD4,247,248,271,270,1
238,QUAD4,248,249,272,271,1
239,QUAD4,249,250,273,272,1
240,QUAD4,250,251,274,273,1
241,QUAD4,251,252,275,274,1
242,QUAD4,252,253,276,275,1
243,QUAD4,254,255,278,277,1
244,QUAD4,255,256,279,278,1
245,QUAD4,256,257,280,279,1
246,QUAD4,257,258,281,280,1
247,QUAD4,258,259,282,281,1
248,QUAD4,259,260,283,282,1
249,QUAD4,260,261,284,283,1
250,QUAD4,261,262,285,284,1
251,QUAD4,262,263,286,285,1
252,QUAD4,263,264,287,286,1
253,QUAD4,264,265,288,287,1
254,QUAD4,265,266,289,288,1
255,QUAD4,266,267,290,289,1
256,QUAD4,267,268,291,290,1
257,QUAD4,268,269,292,291,1
258,QUAD4,269,270,293,292,1
259,QUAD4,270,271,294,293,1
260,QUAD4,271,272,295,294,1
261,QUAD4,272,273,296,295,1
262,QUAD4,273,274,297,296,1
263,QUAD4,274,275,298,297,1
264,QUAD4,275,276,299,298,1
265,QUAD4,277,278,301,300,1
266,QUAD4,278,279,302,301,1
267,QUAD4,279,280,303,302,1
268,QUAD4,280,281,304,303,1
269,QUAD4,281,282,305,304,1
270,QUAD4,282,283,306,305,1
271,QUAD4,283,284,307,306,1
272,QUAD4,284,285,308,307,1
273,QUAD4,285,286,309,308,1
274,QUAD4,286,287,310,309,1
275,QUAD4,287,288,311,310,1
276,QUAD4,288,289,312,311,1
277,QUAD4,289,290,313,312,1
278,QUAD4,290,291,314,313,1
279,QUAD4,291,292,315,314,1
280,QUAD4,292,293,316,315,1
281,QUAD4,293,294,317,316,1
282,QUAD4,294,295,318,317,1
283,QUAD4,295,296,319,318,1
284,QUAD4,296,297,320,319,1
285,QUAD4,297,298,321,320,1
286,QUAD4,298,299,322,321,1
287,QUAD4,300,301,324,323,1
288,QUAD4,301,302,325,324,1
289,QUAD4,302,303,326,325,1
290,QUAD4,303,304,327,326,1
291,QUAD4,304,305,328,327,1
292,QUAD4,305,306,329,328,1
293,QUAD4,306,307,330,329,1
294,QUAD4,307,308,331,330,1
295,QUAD4,308,309,332,331,1
296,QUAD4,309,310,333,332,1
297,QUAD4,310,311,334,333,1
298,QUAD4,311,312,335,334,1
299,QUAD4,312,313,336,335,1
300,QUAD4,313,314,337,336,1
301,QUAD4,314,315,338,337,1
302,QUAD4,315,316,339,338,1
303,QUAD4,316,317,340,339,1
304,QUAD4,317,318,341,340,1
305,QUAD4,318,319,342,341,1
306,QUAD4,319,320,343,342,1
307,QUAD4,320,321,344,343,1
308,QUAD4,321,322,345,344,1
309,QUAD4,323,324,347,346,1
310,QUAD4,324,325,348,347,1
311,QUAD4,325,326,349,348,1
312,QUAD4,326,327,350,349,1
313,QUAD4,327,328,351,350,1
314,QUAD4,328,329,352,351,1
315,QUAD4,329,330,353,352,1
316,QUAD4,330,331,354,353,1
317,QUAD4,331,332,355,354,1
318,QUAD4,332,333,356,355,1
319,QUAD4,333,334,357,356,1
320,QUAD4,334,335,358,357,1
321,QUAD4,335,336,359,358,1
322,QUAD4,336,337,360,359,1
323,QUAD4,337,338,361,360,1
324,QUAD4,338,339,362,361,1
325,QUAD4,339,340,363,362,1
326,QUAD4,340,341,364,363,1
327,QUAD4,341,342,365,364,1
328,QUAD4,342,343,366,365,1
329,QUAD4,343,344,367,366,1
330,QUAD4,344,345,368,367,1
331,QUAD4,346,347,370,369,1
332,QUAD4,347,348,371,370,1
333,QUAD4,348,349,372,371,1
334,QUAD4,349,350,373,372,1
335,QUAD4,350,351,374,373,1
336,QUAD4,351,352,375,374,1
337,QUAD4,352,353,376,375,1
338,QUAD4,353,354,377,376,1
339,QUAD4,354,355,378,377,1
340,QUAD4,355,356,379,378,1
341,QUAD4,356,357,380,379,1
342,QUAD4,357,358,381,380,1
343,QUAD4,358,359,382,381,1
344,QUAD4,359,360,383,382,1
345,QUAD4,360,361,384,383,1
346,QUAD4,361,362,385,384,1
347,QUAD4,362,363,386,385,1
348,QUAD4,363,364,387,386,1
349,QUAD4,364,365,388,387,1
350,QUAD4,365,366,389,388,1
351,QUAD4,366,367,390,389,1
352,QUAD4,367,368,391,390,1
353,QUAD4,369,370,393,392,1
354,QUAD4,370,371,394,393,1
355,QUAD4,371,372,395,394,1
356,QUAD4,372,373,396,395,1
357,QUAD4,373,374,397,396,1
358,QUAD4,374,375,398,397,1
359,QUAD4,375,376,399,398,1
360,QUAD4,376,377,400,399,1
361,QUAD4,377,378,401,400,1
362,QUAD4,378,379,402,401,1
363,QUAD4,379,380,403,402,1
364,QUAD4,380,381,404,403,1
365,QUAD4,381,382,405,404,1
366,QUAD4,382,383,406,405,1
367,QUAD4,383,384,407,406,1
368,QUAD4,384,385,408,407,1
369,QUAD4,385,386,409,408,1
370,QUAD4,386,387,410,409,1
371,QUAD4,387,388,411,410,1
372,QUAD4,388,389,412,411,1
373,QUAD4,389,390,413,412,1
374,QUAD4,390,391,414,413,1
375,QUAD4,392,393,416,415,1
376,QUAD4,393,394,417,416,1
377,QUAD4,394,395,418,417,1
378,QUAD4,395,396,419,418,1
379,QUAD4,396,397,420,419,1
380,QUAD4,397,398,421,420,1
381,QUAD4,398,399,422,421,1
382,QUAD4,399,400,423,422,1
383,QUAD4,400,401,424,423,1
384,QUAD4,401,402,425,424,1
385,QUAD4,402,403,426,425,1
386,QUAD4,403,404,427,426,1
387,QUAD4,404,405,428,427,1
388,QUAD4,405,406,429,428,1
389,QUAD4,406,407,430,429,1
390,QUAD4,407,408,431,430,1
391,QUAD4,408,409,432,431,1
392,QUAD4,409,410,433,432,1
393,QUAD4,410,411,434,433,1
394,QUAD4,411,412,435,434,1
395,QUAD4,412,413,436,435,1
396,QUAD4,413,414,437,436,1
397,QUAD4,415,416,439,438,1
398,QUAD4,416,417,440,439,1
399,QUAD4,417,418,441,440,1
400,QUAD4,418,419,442,441,1
401,QUAD4,419,420,443,442,1
402,QUAD4,420,421,444,443,1
403,QUAD4,421,422,445,444,1
404,QUAD4,422,423,446,445,1
405,QUAD4,423,424,447,446,1
406,QUAD4,424,425,448,447,1
407,QUAD4,425,426,449,448,1
408,QUAD4,426,427,450,449,1
409,QUAD4,427,428,451,450,1
410,QUAD4,428,429,452,451,1
411,QUAD4,429,430,453,452,1
412,QUAD4,430,431,454,453,1
413,QUAD4,431,432,455,454,1
414,QUAD4,432,433,456,455,1
415,QUAD4,433,434,457,456,1
416,QUAD4,434,435,458,457,1
417,QUAD4,435,436,459,458,1
418,QUAD4,436,437,460,459,1
419,QUAD4,438,439,462,461,1
420,QUAD4,439,440,463,462,1
421,QUAD4,440,441,464,463,1
422,QUAD4,441,442,465,464,1
423,QUAD4,442,443,466,465,1
424,QUAD4,443,444,467,466,1
425,QUAD4,444,445,468,467,1
426,QUAD4,445,446,469,468,1
427,QUAD4,446,447,470,469,1
428,QUAD4,447,448,471,470,1
429,QUAD4,448,449,472,471,1
430,QUAD4,449,450,473,472,1
431,QUAD4,450,451,474,473,1
432,QUAD4,451,452,475,474,1
433,QUAD4,452,453,476,475,1
434,QUAD4,453,454,477,476,1
435,QUAD4,454,455,478,477,1
436,QUAD4,455,456,479,478,1
437,QUAD4,456,457,480,479,1
438,QUAD4,457,458,481,480,1
439,QUAD4,458,459,482,481,1
440,QUAD4,459,460,483,482,1
441,QUAD4,461,462,485,484,1
442,QUAD4,462,463,486,485,1
443,QUAD4,463,464,487,486,1
444,QUAD4,464,465,488,487,1
445,QUAD4,465,466,489,488,1
446,QUAD4,466,467,490,489,1
447,QUAD4,467,468,491,490,1
448,QUAD4,468,469,492,491,1
449,QUAD4,469,470,493,492,1
450,QUAD4,470,471,494,493,1
451,QUAD4,471,472,495,494,1
452,QUAD4,472,473,496,495,1
453,QUAD4,473,474,497,496,1
454,QUAD4,474,475,498,497,1
455,QUAD4,475,476,499,498,1
456,QUAD4,476,477,500,499,1
457,QUAD4,477,478,501,500,1
458,QUAD4,478,479,502,501,1
459,QUAD4,479,480,503,502,1
460,QUAD4,480,481,504,503,1
461,QUAD4,481,482,505,504,1
462,QUAD4,482,483,506,505,1
463,QUAD4,484,485,508,507,1
464,QUAD4,485,486,509,508,1
465,QUAD4,486,487,510,509,1
466,QUAD4,487,488,511,510,1
467,QUAD4,488,489,512,511,1
468,QUAD4,489,490,513,512,1
469,QUAD4,490,491,514,513,1
470,QUAD4,491,492,515,514,1
471,QUAD4,492,493,516,515,1
472,QUAD4,493,494,517,516,1
473,QUAD4,494,495,518,517,1
474,QUAD4,495,496,519,518,1
475,QUAD4,496,497,520,519,1
476,QUAD4,497,498,521,520,1
477,QUAD4,498,499,522,521,1
478,QUAD4,499,500,523,522,1
479,QUAD4,500,501,524,523,1
480,QUAD4,501,502,525,524,1
481,QUAD4,502,503,526,525,1
482,QUAD4,503,504,527,526,1
483,QUAD4,504,505,528,527,1
484,QUAD4,505,506,529,528,1
485,QUAD4,507,508,531,530,1
486,QUAD4,508,509,532,531,1
487,QUAD4,509,510,533,532,1
488,QUAD4,510,511,534,533,1
489,QUAD4,511,512,535,534,1
490,QUAD4,512,513,536,535,1
491,QUAD4,513,514,537,536,1
492,QUAD4,514,515,538,537,1
493,QUAD4,515,516,539,538,1
494,QUAD4,516,517,540,539,1
495,QUAD4,517,518,541,540,1
496,QUAD4,518,519,542,541,1
497,QUAD4,519,520,543,542,1
498,QUAD4,520,521,544,543,1
499,QUAD4,521,522,545,544,1
500,QUAD4,522,523,546,545,1
501,QUAD4,523,524,547,546,1
502,QUAD4,524,525,548,547,1
503,QUAD4,525,526,549,548,1
504,QUAD4,526,527,550,549,1
505,QUAD4,527,528,551,550,1
506,QUAD4,528,529,552,551,1
507,QUAD4,530,531,554,553,1
508,QUAD4,531,532,555,554,1
509,QUAD4,532,533,556,555,1
510,QUAD4,533,534,557,556,1
511,QUAD4,534,535,558,557,1
512,QUAD4,535,536,559,558,1
513,QUAD4,536,537,560,559,1
514,QUAD4,537,538,561,560,1
515,QUAD4,538,539,562,561,1
516,QUAD4,539,540,563,562,1
517,QUAD4,540,541,564,563,1
518,QUAD4,541,542,565,564,1
519,QUAD4,542,543,566,565,1
520,QUAD4,543,544,567,566,1
521,QUAD4,544,545,568,567,1
522,QUAD4,545,546,569,568,1
523,QUAD4,546,547,570,569,1
524,QUAD4,547,548,571,570,1
525,QUAD4,548,549,572,571,1
526,QUAD4,549,550,573,572,1
527,QUAD4,550,551,574,573,1
528,QUAD4,551,552,575,574,1
529,QUAD4,553,554,577,576,1
530,QUAD4,554,555,578,577,1
531,QUAD4,555,556,579,578,1
532,QUAD4,556,557,580,579,1
533,QUAD4,557,558,581,580,1
534,QUAD4,558,559,582,581,1
535,QUAD4,559,560,583,582,1
536,QUAD4,560,561,584,583,1
537,QUAD4,561,562,585,584,1
538,QUAD4,562,563,586,585,1
539,QUAD4,563,564,587,586,1
540,QUAD4,564,565,588,587,1
541,QUAD4,565,566,589,588,1
542,QUAD4,566,567,590,589,1
543,QUAD4,567,568,591,590,1
544,QUAD4,568,569,592,591,1
545,QUAD4,569,570,593,592,1
546,QUAD4,570,571,594,593,1
547,QUAD4,571,572,595,594,1
548,QUAD4,572,573,596,595,1
549,QUAD4,573,574,597,596,1
550,QUAD4,574,575,598,597,1
551,QUAD4,576,577,600,599,1
552,QUAD4,577,578,601,600,1
553,QUAD4,578,579,602,601,1
554,QUAD4,579,580,603,602,1
555,QUAD4,580,581,604,603,1
556,QUAD4,581,582,605,604,1
557,QUAD4,582,583,606,605,1
558,QUAD4,583,584,607,606,1
559,QUAD4,584,585,608,607,1
560,QUAD4,585,586,609,608,1
561,QUAD4,586,587,610,609,1
562,QUAD4,587,588,611,610,1
563,QUAD4,588,589,612,611,1
564,QUAD4,589,590,613,612,1
565,QUAD4,590,591,614,613,1
566,QUAD4,591,592,615,614,1
567,QUAD4,592,593,616,615,1
568,QUAD4,593,594,617,616,1
569,QUAD4,594,595,618,617,1
570,QUAD4,595,596,619,618,1
571,QUAD4,596,597,620,619,1
572,QUAD4,597,598,621,620,1
573,QUAD4,599,600,623,622,1
574,QUAD4,600,601,624,623,1
575,QUAD4,601,602,625,624,1
576,QUAD4,602,603,626,625,1
577,QUAD4,603,604,627,626,1
578,QUAD4,604,605,628,627,1
579,QUAD4,605,606,629,628,1
580,QUAD4,606,607,630,629,1
581,QUAD4,607,608,631,630,1
582,QUAD4,608,609,632,631,1
583,QUAD4,609,610,633,632,1
584,QUAD4,610,611,634,633,1
585,QUAD4,611,612,635,634,1
586,QUAD4,612,613,636,635,1
587,QUAD4,613,614,637,636,1
588,QUAD4,614,615,638,637,1
589,QUAD4,615,616,639,638,1
590,QUAD4,616,617,640,639,1
591,QUAD4,617,618,641,640,1
592,QUAD4,618,619,642,641,1
593,QUAD4,619,620,643,642,1
594,QUAD4,620,621,644,643,1
595,QUAD4,622,623,646,645,1
596,QUAD4,623,624,647,646,1
597,QUAD4,624,625,648,647,1
598,QUAD4,625,626,649,648,1
599,QUAD4,626,627,650,649,1
600,QUAD4,627,628,651,650,1
601,QUAD4,628,629,652,651,1
602,QUAD4,629,630,653,652,1
603,QUAD4,630,631,654,653,1
604,QUAD4,631,632,655,654,1
605,QUAD4,632,633,656,655,1
606,QUAD4,633,634,657,656,1
607,QUAD4,634,635,658,657,1
608,QUAD4,635,636,659,658,1
609,QUAD4,636,637,660,659,1
610,QUAD4,637,638,661,660,1
611,QUAD4,638,639,662,661,1
612,QUAD4,639,640,663,662,1
613,QUAD4,640,641,664,663,1
614,QUAD4,641,642,665,664,1
615,QUAD4,642,643,666,665,1
616,QUAD4,643,644,667,666,1
617,QUAD4,645,646,669,668,1
618,QUAD4,646,647,670,669,1
619,QUAD4,647,648,671,670,1
620,QUAD4,648,649,672,671,1
621,QUAD4,649,650,673,672,1
622,QUAD4,650,651,674,673,1
623,QUAD4,651,652,675,674,1
624,QUAD4,652,653,676,675,1
625,QUAD4,653,654,677,676,1
626,QUAD4,654,655,678,677,1
627,QUAD4,655,656,679,678,1
628,QUAD4,656,657,680,679,1
629,QUAD4,657,658,681,680,1
630,QUAD4,658,659,682,681,1
631,QUAD4,659,660,683,682,1
632,QUAD4,660,661,684,683,1
633,QUAD4,661,662,685,684,1
634,QUAD4,662,663,686,685,1
635,QUAD4,663,664,687,686,1
636,QUAD4,664,665,688,687,1
637,QUAD4,665,666,689,688,1
638,QUAD4,666,667,690,689,1
639,QUAD4,668,669,692,691,1
640,QUAD4,669,670,693,692,1
641,QUAD4,670,671,694,693,1
642,QUAD4,671,672,695,694,1
643,QUAD4,672,673,696,695,1
644,QUAD4,673,674,697,696,1
645,QUAD4,674,675,698,697,1
646,QUAD4,675,676,699,698,1
647,QUAD4,676,677,700,699,1
648,QUAD4,677,678,701,700,1
649,QUAD4,678,679,702,701,1
650,QUAD4,679,680,703,702,1
651,QUAD4,680,681,704,703,1
652,QUAD4,681,682,705,704,1
653,QUAD4,682,683,706,705,1
654,QUAD4,683,684,707,706,1
655,QUAD4,684,685,708,707,1
656,QUAD4,685,686,709,708,1
657,QUAD4,686,687,710,709,1
658,QUAD4,687,688,711,710,1
659,QUAD4,688,689,712,711,1
660,QUAD4,689,690,713,712,1
661,QUAD4,691,692,715,714,1
662,QUAD4,692,693,716,715,1
663,QUAD4,693,694,717,716,1
664,QUAD4,694,695,718,717,1
665,QUAD4,695,696,719,718,1
666,QUAD4,696,697,720,719,1
667,QUAD4,697,698,721,720,1
668,QUAD4,698,699,722,721,1
669,QUAD4,699,700,723,722,1
670,QUAD4,700,701,724,723,1
671,QUAD4,701,702,725,724,1
672,QUAD4,702,703,726,725,1
673,QUAD4,703,704,727,726,1
674,QUAD4,704,705,728,727,1
675,QUAD4,705,706,729,728,1
676,QUAD4,706,707,730,729,1
677,QUAD4,707,708,731,730,1
678,QUAD4,708,709,732,731,1
679,QUAD4,709,710,733,732,1
680,QUAD4,710,711,734,733,1
681,QUAD4,711,712,735,734,1
682,QUAD4,712,713,736,735,1
683,QUAD4,714,715,738,737,1
684,QUAD4,715,716,739,738,1
685,QUAD4,716,717,740,739,1
686,QUAD4,717,718,741,740,1
687,QUAD4,718,719,742,741,1
688,QUAD4,719,720,743,742,1
689,QUAD4,720,721,744,743,1
690,QUAD4,721,722,745,744,1
691,QUAD4,722,723,746,745,1
692,QUAD4,723,724,747,746,1
693,QUAD4,724,725,748,747,1
694,QUAD4,725,726,749,748,1
695,QUAD4,726,727,750,749,1
696,QUAD4,727,728,751,750,1
697,QUAD4,728,729,752,751,1
698,QUAD4,729,730,753,752,1
699,QUAD4,730,731,754,753,1
700,QUAD4,731,732,755,754,1
701,QUAD4,732,733,756,755,1
702,QUAD4,733,734,757,756,1
703,QUAD4,734,735,758,757,1
704,QUAD4,735,736,759,758,1
705,QUAD4,737,738,761,760,1
706,QUAD4,738,739,762,761,1
707,QUAD4,739,740,763,762,1
708,QUAD4,740,741,764,763,1
709,QUAD4,741,742,765,764,1
710,QUAD4,742,743,766,765,1
711,QUAD4,743,744,767,766,1
712,QUAD4,744,745,768,767,1
713,QUAD4,745,746,769,768,1
714,QUAD4,746,747,770,769,1
715,QUAD4,747,748,771,770,1
716,QUAD4,748,749,772,771,1
717,QUAD4,749,750,773,772,1
718,QUAD4,750,751,774,773,1
719,QUAD4,751,752,775,774,1
720,QUAD4,752,753,776,775,1
721,QUAD4,753,754,777,776,1
722,QUAD4,754,755,778,777,1
723,QUAD4,755,756,779,778,1
724,QUAD4,756,757,780,779,1
725,QUAD4,757,758,781,780,1
726,QUAD4,758,759,782,781,1
727,QUAD4,760,761,784,783,1
728,QUAD4,761,762,785,784,1
729,QUAD4,762,763,786,785,1
730,QUAD4,763,764,787,786,1
731,QUAD4,764,765,788,787,1
732,QUAD4,765,766,789,788,1
733,QUAD4,766,767,790,789,1
734,QUAD4,767,768,791,790,1
735,QUAD4,768,769,792,791,1
736,QUAD4,769,770,793,792,1
737,QUAD4,770,771,794,793,1
738,QUAD4,771,772,795,794,1
739,QUAD4,772,773,796,795,1
740,QUAD4,773,774,797,796,1
741,QUAD4,774,775,798,797,1
742,QUAD4,775,776,799,798,1
743,QUAD4,776,777,800,799,1
744,QUAD4,777,778,801,800,1
745,QUAD4,778,779,802,801,1
746,QUAD4,779,780,803,802,1
747,QUAD4,780,781,804,803,1
748,QUAD4,781,782,805,804,1
749,QUAD4,783,784,807,806,1
750,QUAD4,784,785,808,807,1
751,QUAD4,785,786,809,808,1
752,QUAD4,786,787,810,809,1
753,QUAD4,787,788,811,810,1
754,QUAD4,788,789,812,811,1
755,QUAD4,789,790,813,812,1
756,QUAD4,790,791,814,813,1
757,QUAD4,791,792,815,814,1
758,QUAD4,792,793,816,815,1
759,QUAD4,793,794,817,816,1
760,QUAD4,794,795,818,817,1
761,QUAD4,795,796,819,818,1
762,QUAD4,796,797,820,819,1
763,QUAD4,797,798,821,820,1
764,QUAD4,798,799,822,821,1
765,QUAD4,799,800,823,822,1
766,QUAD4,800,801,824,823,1
767,QUAD4,801,802,825,824,1
768,QUAD4,802,803,826,825,1
769,QUAD4,803,804,827,826,1
770,QUAD4,804,805,828,827,1
771,QUAD4,806,807,830,829,1
772,QUAD4,807,808,831,830,1
773,QUAD4,808,809,832,831,1
774,QUAD4,809,810,833,832,1
775,QUAD4,810,811,834,833,1
776,QUAD4,811,812,835,834,1
777,QUAD4,812,813,836,835,1
778,QUAD4,813,814,837,836,1
779,QUAD4,814,815,838,837,1
780,QUAD4,815,816,839,838,1
781,QUAD4,816,817,840,839,1
782,QUAD4,817,818,841,840,1
783,QUAD4,818,819,842,841,1
784,QUAD4,819,820,843,842,1
785,QUAD4,820,821,844,843,1
786,QUAD4,821,822,845,844,1
787,QUAD4,822,823,846,845,1
788,QUAD4,823,824,847,846,1
789,QUAD4,824,825,848,847,1
790,QUAD4,825,826,849,848,1
791,QUAD4,826,827,850,849,1
792,QUAD4,827,828,851,850,1
793,QUAD4,829,830,853,852,1
794,QUAD4,830,831,854,853,1
795,QUAD4,831,832,855,854,1
796,QUAD4,832,833,856,855,1
797,QUAD4,833,834,857,856,1
798,QUAD4,834,835,858,857,1
799,QUAD4,835,836,859,858,1
800,QUAD4,836,837,860,859,1
801,QUAD4,837,838,861,860,1
802,QUAD4,838,839,862,861,1
803,QUAD4,839,840,863,862,1
804,QUAD4,840,841,864,863,1
805,QUAD4,841,842,865,864,1
806,QUAD4,842,843,866,865,1
807,QUAD4,843,844,867,866,1
808,QUAD4,844,845,868,867,1
809,QUAD4,845,846,869,868,1
810,QUAD4,846,847,870,869,1
811,QUAD4,847,848,871,870,1
812,QUAD4,848,849,872,871,1
813,QUAD4,849,850,873,872,1
814,QUAD4,850,851,874,873,1
815,QUAD4,852,853,876,875,1
816,QUAD4,853,854,877,876,1
817,QUAD4,854,855,878,877,1
818,QUAD4,855,856,879,878,1
819,QUAD4,856,857,880,879,1
820,QUAD4,857,858,881,880,1
821,QUAD4,858,859,882,881,1
822,QUAD4,859,860,883,882,1
823,QUAD4,860,861,884,883,1
824,QUAD4,861,862,885,884,1
825,QUAD4,862,863,886,885,1
826,QUAD4,863,864,887,886,1
827,QUAD4,864,865,888,887,1
828,QUAD4,865,866,889,888,1
829,QUAD4,866,867,890,889,1
830,QUAD4,867,868,891,890,1
831,QUAD4,868,869,892,891,1
832,QUAD4,869,870,893,892,1
833,QUAD4,870,871,894,893,1
834,QUAD4,871,872,895,894,1
835,QUAD4,872,873,896,895,1
836,QUAD4,873,874,897,896,1
837,QUAD4,875,876,899,898,1
838,QUAD4,876,877,900,899,1
839,QUAD4,877,878,901,900,1
840,QUAD4,878,879,902,901,1
841,QUAD4,879,880,903,902,1
842,QUAD4,880,881,904,903,1
843,QUAD4,881,882,905,904,1
844,QUAD4,882,883,906,905,1
845,QUAD4,883,884,907,906,1
846,QUAD4,884,885,908,907,1
847,QUAD4,885,886,909,908,1
848,QUAD4,886,887,910,909,1
849,QUAD4,887,888,911,910,1
850,QUAD4,888,889,912,911,1
851,QUAD4,889,890,913,912,1
852,QUAD4,890,891,914,913,1
853,QUAD4,891,892,915,914,1
854,QUAD4,892,893,916,915,1
855,QUAD4,893,894,917,916,1
856,QUAD4,894,895,918,917,1
857,QUAD4,895,896,919,918,1
858,QUAD4,896,897,920,919,1
859,QUAD4,898,899,922,921,1
860,QUAD4,899,900,923,922,1
861,QUAD4,900,901,924,923,1
862,QUAD4,901,902,925,924,1
863,QUAD4,902,903,926,925,1
864,QUAD4,903,904,927,926,1
865,QUAD4,904,905,928,927,1
866,QUAD4,905,906,929,928,1
867,QUAD4,906,907,930,929,1
868,QUAD4,907,908,931,930,1
869,QUAD4,908,909,932,931,1
870,QUAD4,909,910,933,932,1
871,QUAD4,910,911,934,933,1
872,QUAD4,911,912,935,934,1
873,QUAD4,912,913,936,935,1
874,QUAD4,913,914,937,936,1
875,QUAD4,914,915,938,937,1
876,QUAD4,915,916,939,938,1
877,QUAD4,916,917,940,939,1
878,QUAD4,917,918,941,940,1
879,QUAD4,918,919,942,941,1
880,QUAD4,919,920,943,942,1
881,QUAD4,921,922,945,944,1
882,QUAD4,922,923,946,945,1
883,QUAD4,923,924,947,946,1
884,QUAD4,924,925,948,947,1
885,QUAD4,925,926,949,948,1
886,QUAD4,926,927,950,949,1
887,QUAD4,927,928,951,950,1
888,QUAD4,928,929,952,951,1
889,QUAD4,929,930,953,952,1
890,QUAD4,930,931,954,953,1
891,QUAD4,931,932,955,954,1
892,QUAD4,932,933,956,955,1
893,QUAD4,933,934,957,956,1
894,QUAD4,934,935,958,957,1
895,QUAD4,935,936,959,958,1
896,QUAD4,936,937,960,959,1
897,QUAD4,937,938,961,960,1
898,QUAD4,938,939,962,961,1
899,QUAD4,939,940,963,962,1
900,QUAD4,940,941,964,963,1
901,QUAD4,941,942,965,964,1
902,QUAD4,942,943,966,965,1
903,QUAD4,944,945,968,967,1
904,QUAD4,945,946,969,968,1
905,QUAD4,946,947,970,969,1
906,QUAD4,947,948,971,970,1
907,QUAD4,948,949,972,971,1
908,QUAD4,949,950,973,972,1
909,QUAD4,950,951,974,973,1
910,QUAD4,951,952,975,974,1
911,QUAD4,952,953,976,975,1
912,QUAD4,953,954,977,976,1
913,QUAD4,954,955,978,977,1
914,QUAD4,955,956,979,978,1
915,QUAD4,956,957,980,979,1
916,QUAD4,957,958,981,980,1
917,QUAD4,958,959,982,981,1
918,QUAD4,959,960,983,982,1
919,QUAD4,960,961,984,983,1
920,QUAD4,961,962,985,984,1
921,QUAD4,962,963,986,985,1
922,QUAD4,963,964,987,986,1
923,QUAD4,964,965,988,987,1
924,QUAD4,965,966,989,988,1
925,QUAD4,967,968,991,990,1
926,QUAD4,968,969,992,991,1
927,QUAD4,969,970,993,992,1
928,QUAD4,970,971,994,993,1
929,QUAD4,971,972,995,994,1
930,QUAD4,972,973,996,995,1
931,QUAD4,973,974,997,996,1
932,QUAD4,974,975,998,997,1
933,QUAD4,975,976,999,998,1
934,QUAD4,976,977,1000,999,1
935,QUAD4,977,978,1001,1000,1
936,QUAD4,978,979,1002,1001,1
937,QUAD4,979,980,1003,1002,1
938,QUAD4,980,981,1004,1003,1
939,QUAD4,981,982,1005,1004,1
940,QUAD4,982,983,1006,1005,1
941,QUAD4,983,984,1007,1006,1
942,QUAD4,984,985,1008,1007,1
943,QUAD4,985,986,1009,1008,1
944,QUAD4,986,987,1010,1009,1
945,QUAD4,987,988,1011,1010,1
946,QUAD4,988,989,1012,1011,1
947,QUAD4,990,991,1014,1013,1
948,QUAD4,991,992,1015,1014,1
949,QUAD4,992,993,1016,1015,1
950,QUAD4,993,994,1017,1016,1
951,QUAD4,994,995,1018,1017,1
952,QUAD4,995,996,1019,1018,1
953,QUAD4,996,997,1020,1019,1
954,QUAD4,997,998,1021,1020,1
955,QUAD4,998,999,1022,1021,1
956,QUAD4,999,1000,1023,1022,1
957,QUAD4,1000,1001,1024,1023,1
958,QUAD4,1001,1002,1025,1024,1
959,QUAD4,1002,1003,1026,1025,1
960,QUAD4,1003,1004,1027,1026,1
961,QUAD4,1004,1005,1028,1027,1
962,QUAD4,1005,1006,1029,1028,1
963,QUAD4,1006,1007,1030,1029,1
964,QUAD4,1007,1008,1031,1030,1
965,QUAD4,1008,1009,1032,1031,1
966,QUAD4,1009,1010,1033,1032,1
967,QUAD4,1010,1011,1034,1033,1
968,QUAD4,1011,1012,1035,1034,1
969,QUAD4,1013,1014,1037,1036,1
970,QUAD4,1014,1015,1038,1037,1
971,QUAD4,1015,1016,1039,1038,1
972,QUAD4,1016,1017,1040,1039,1
973,QUAD4,1017,1018,1041,1040,1
974,QUAD4,1018,1019,1042,1041,1
975,QUAD4,1019,1020,1043,1042,1
976,QUAD4,1020,1021,1044,1043,1
977,QUAD4,1021,1022,1045,1044,1
978,QUAD4,1022,1023,1046,1045,1
979,QUAD4,1023,1024,1047,1046,1
980,QUAD4,1024,1025,1048,1047,1
981,QUAD4,1025,1026,1049,1048,1
982,QUAD4,1026,1027,1050,1049,1
983,QUAD4,1027,1028,1051,1050,1
984,QUAD4,1028,1029,1052,1051,1
985,QUAD4,1029,1030,1053,1052,1
986,QUAD4,1030,1031,1054,1053,1
987,QUAD4,1031,1032,1055,1054,1
988,QUAD4,1032,1033,1056,1055,1
989,QUAD4,1033,1034,1057,1056,1
990,QUAD4,1034,1035,1058,1057,1
991,QUAD4,1036,1037,1060,1059,1
992,QUAD4,1037,1038,1061,1060,1
993,QUAD4,1038,1039,1062,1061,1
994,QUAD4,1039,1040,1063,1062,1
995,QUAD4,1040,1041,1064,1063,1
996,QUAD4,1041,1042,1065,1064,1
997,QUAD4,1042,1043,1066,1065,1
998,QUAD4,1043,1044,1067,1066,1
999,QUAD4,1044,1045,1068,1067,1
1000,QUAD4,1045,1046,1069,1068,1
1001,QUAD4,1046,1047,1070,1069,1
1002,QUAD4,1047,1048,1071,1070,1
1003,QUAD4,1048,1049,1072,1071,1
1004,QUAD4,1049,1050,1073,1072,1
1005,QUAD4,1050,1051,1074,1073,1
1006,QUAD4,1051,1052,1075,1074,1
1007,QUAD4,1052,1053,1076,1075,1
1008,QUAD4,1053,1054,1077,1076,1
1009,QUAD4,1054,1055,1078,1077,1
1010,QUAD4,1055,1056,1079,1078,1
1011,QUAD4,1056,1057,1080,1079,1
1012,QUAD4,1057,1058,1081,1080,1
1013,QUAD4,1059,1060,1083,1082,1
1014,QUAD4,1060,1061,1084,1083,1
1015,QUAD4,1061,1062,1085,1084,1
1016,QUAD4,1062,1063,1086,1085,1
1017,QUAD4,1063,1064,1087,1086,1
1018,QUAD4,1064,1065,1088,1087,1
1019,QUAD4,1065,1066,1089,1088,1
1020,QUAD4,1066,1067,1090,1089,1
1021,QUAD4,1067,1068,1091,1090,1
1022,QUAD4,1068,1069,1092,1091,1
1023,QUAD4,1069,1070,1093,1092,1
1024,QUAD4,1070,1071,1094,1093,1
1025,QUAD4,1071,1072,1095,1094,1
1026,QUAD4,1072,1073,1096,1095,1
1027,QUAD4,1073,1074,1097,1096,1
1028,QUAD4,1074,1075,1098,1097,1
1029,QUAD4,1075,1076,1099,1098,1
1030,QUAD4,1076,1077,1100,1099,1
1031,QUAD4,1077,1078,1101,1100,1
1032,QUAD4,1078,1079,1102,1101,1
1033,QUAD4,1079,1080,1103,1102,1
1034,QUAD4,1080,1081,1104,1103,1
1035,QUAD4,1082,1083,1106,1105,1
1036,QUAD4,1083,1084,1107,1106,1
1037,QUAD4,1084,1085,1108,1107,1
1038,QUAD4,1085,1086,1109,1108,1
1039,QUAD4,1086,1087,1110,1109,1
1040,QUAD4,1087,1088,1111,1110,1
1041,QUAD4,1088,1089,1112,1111,1
1042,QUAD4,1089,1090,1113,1112,1
1043,QUAD4,1090,1091,1114,1113,1
1044,QUAD4,1091,1092,1115,1114,1
1045,QUAD4,1092,1093,1116,1115,1
1046,QUAD4,1093,1094,1117,1116,1
1047,QUAD4,1094,1095,1118,1117,1
1048,QUAD4,1095,1096,1119,1118,1
1049,QUAD4,1096,1097,1120,1119,1
1050,QUAD4,1097,1098,1121,1120,1
1051,QUAD4,1098,1099,1122,1121,1
1052,QUAD4,1099,1100,1123,1122,1
1053,QUAD4,1100,1101,1124,1123,1
1054,QUAD4,1101,1102,1125,1124,1
1055,QUAD4,1102,1103,1126,1125,1
1056,QUAD4,1103,1104,1127,1126,1
1057,QUAD4,1105,1106,1129,1128,1
1058,QUAD4,1106,1107,1130,1129,1
1059,QUAD4,1107,1108,1131,1130,1
1060,QUAD4,1108,1109,1132,1131,1
1061,QUAD4,1109,1110,1133,1132,1
1062,QUAD4,1110,1111,1134,1133,1
1063,QUAD4,1111,1112,1135,1134,1
1064,QUAD4,1112,1113,1136,1135,1
1065,QUAD4,1113,1114,1137,1136,1
1066,QUAD4,1114,1115,1138,1137,1
1067,QUAD4,1115,1116,1139,1138,1
1068,QUAD4,1116,1117,1140,1139,1
1069,QUAD4,1117,1118,1141,1140,1
1070,QUAD4,1118,1119,1142,1141,1
1071,QUAD4,1119,1120,1143,1142,1
1072,QUAD4,1120,1121,1144,1143,1
1073,QUAD4,1121,1122,1145,1144,1
1074,QUAD4,1122,1123,1146,1145,1
1075,QUAD4,1123,1124,1147,1146,1
1076,QUAD4,1124,1125,1148,1147,1
1077,QUAD4,1125,1126,1149,1148,1
1078,QUAD4,1126,1127,1150,1149,1
*Material
1,Linear,Iso,E,50000,Nu,0.3,RHO,1.0
*EleProp
1,Beam,Area,2.9,Iy,3.5,Iz,5.79
