*AnalysisType 103
*Point
0,-1.5
2.2727,-1.5
4.5455,-1.5
6.8182,-1.5
9.0909,-1.5
11.3636,-1.5
13.6364,-1.5
15.9091,-1.5
18.1818,-1.5
20.4545,-1.5
22.7273,-1.5
25,-1.5
27.2727,-1.5
29.5455,-1.5
31.8182,-1.5
34.0909,-1.5
36.3636,-1.5
38.6364,-1.5
40.9091,-1.5
43.1818,-1.5
45.4545,-1.5
47.7273,-1.5
50,-1.5
0,-1.398
2.2727,-1.398
4.5455,-1.398
6.8182,-1.398
9.0909,-1.398
11.3636,-1.398
13.6364,-1.398
15.9091,-1.398
18.1818,-1.398
20.4545,-1.398
22.7273,-1.398
25,-1.398
27.2727,-1.398
29.5455,-1.398
31.8182,-1.398
34.0909,-1.398
36.3636,-1.398
38.6364,-1.398
40.9091,-1.398
43.1818,-1.398
45.4545,-1.398
47.7273,-1.398
50,-1.398
0,-1.2959
2.2727,-1.2959
4.5455,-1.2959
6.8182,-1.2959
9.0909,-1.2959
11.3636,-1.2959
13.6364,-1.2959
15.9091,-1.2959
18.1818,-1.2959
20.4545,-1.2959
22.7273,-1.2959
25,-1.2959
27.2727,-1.2959
29.5455,-1.2959
31.8182,-1.2959
34.0909,-1.2959
36.3636,-1.2959
38.6364,-1.2959
40.9091,-1.2959
43.1818,-1.2959
45.4545,-1.2959
47.7273,-1.2959
50,-1.2959
0,-1.1939
2.2727,-1.1939
4.5455,-1.1939
6.8182,-1.1939
9.0909,-1.1939
11.3636,-1.1939
13.6364,-1.1939
15.9091,-1.1939
18.1818,-1.1939
20.4545,-1.1939
22.7273,-1.1939
25,-1.1939
27.2727,-1.1939
29.5455,-1.1939
31.8182,-1.1939
34.0909,-1.1939
36.3636,-1.1939
38.6364,-1.1939
40.9091,-1.1939
43.1818,-1.1939
45.4545,-1.1939
47.7273,-1.1939
50,-1.1939
0,-1.0918
2.2727,-1.0918
4.5455,-1.0918
6.8182,-1.0918
9.0909,-1.0918
11.3636,-1.0918
13.6364,-1.0918
15.9091,-1.0918
18.1818,-1.0918
20.4545,-1.0918
22.7273,-1.0918
25,-1.0918
27.2727,-1.0918
29.5455,-1.0918
31.8182,-1.0918
34.0909,-1.0918
36.3636,-1.0918
38.6364,-1.0918
40.9091,-1.0918
43.1818,-1.0918
45.4545,-1.0918
47.7273,-1.0918
50,-1.0918
0,-0.9898
2.2727,-0.9898
4.5455,-0.9898
6.8182,-0.9898
9.0909,-0.9898
11.3636,-0.9898
13.6364,-0.9898
15.9091,-0.9898
18.1818,-0.9898
20.4545,-0.9898
22.7273,-0.9898
25,-0.9898
27.2727,-0.9898
29.5455,-0.9898
31.8182,-0.9898
34.0909,-0.9898
36.3636,-0.9898
38.6364,-0.9898
40.9091,-0.9898
43.1818,-0.9898
45.4545,-0.9898
47.7273,-0.9898
50,-0.9898
0,-0.88776
2.2727,-0.88776
4.5455,-0.88776
6.8182,-0.88776
9.0909,-0.88776
11.3636,-0.88776
13.6364,-0.88776
15.9091,-0.88776
18.1818,-0.88776
20.4545,-0.88776
22.7273,-0.88776
25,-0.88776
27.2727,-0.88776
29.5455,-0.88776
31.8182,-0.88776
34.0909,-0.88776
36.3636,-0.88776
38.6364,-0.88776
40.9091,-0.88776
43.1818,-0.88776
45.4545,-0.88776
47.7273,-0.88776
50,-0.88776
0,-0.78571
2.2727,-0.78571
4.5455,-0.78571
6.8182,-0.78571
9.0909,-0.78571
11.3636,-0.78571
13.6364,-0.78571
15.9091,-0.78571
18.1818,-0.78571
20.4545,-0.78571
22.7273,-0.78571
25,-0.78571
27.2727,-0.78571
29.5455,-0.78571
31.8182,-0.78571
34.0909,-0.78571
36.3636,-0.78571
38.6364,-0.78571
40.9091,-0.78571
43.1818,-0.78571
45.4545,-0.78571
47.7273,-0.78571
50,-0.78571
0,-0.68367
2.2727,-0.68367
4.5455,-0.68367
6.8182,-0.68367
9.0909,-0.68367
11.3636,-0.68367
13.6364,-0.68367
15.9091,-0.68367
18.1818,-0.68367
20.4545,-0.68367
22.7273,-0.68367
25,-0.68367
27.2727,-0.68367
29.5455,-0.68367
31.8182,-0.68367
34.0909,-0.68367
36.3636,-0.68367
38.6364,-0.68367
40.9091,-0.68367
43.1818,-0.68367
45.4545,-0.68367
47.7273,-0.68367
50,-0.68367
0,-0.58163
2.2727,-0.58163
4.5455,-0.58163
6.8182,-0.58163
9.0909,-0.58163
11.3636,-0.58163
13.6364,-0.58163
15.9091,-0.58163
18.1818,-0.58163
20.4545,-0.58163
22.7273,-0.58163
25,-0.58163
27.2727,-0.58163
29.5455,-0.58163
31.8182,-0.58163
34.0909,-0.58163
36.3636,-0.58163
38.6364,-0.58163
40.9091,-0.58163
43.1818,-0.58163
45.4545,-0.58163
47.7273,-0.58163
50,-0.58163
0,-0.47959
2.2727,-0.47959
4.5455,-0.47959
6.8182,-0.47959
9.0909,-0.47959
11.3636,-0.47959
13.6364,-0.47959
15.9091,-0.47959
18.1818,-0.47959
20.4545,-0.47959
22.7273,-0.47959
25,-0.47959
27.2727,-0.47959
29.5455,-0.47959
31.8182,-0.47959
34.0909,-0.47959
36.3636,-0.47959
38.6364,-0.47959
40.9091,-0.47959
43.1818,-0.47959
45.4545,-0.47959
47.7273,-0.47959
50,-0.47959
0,-0.37755
2.2727,-0.37755
4.5455,-0.37755
6.8182,-0.37755
9.0909,-0.37755
11.3636,-0.37755
13.6364,-0.37755
15.9091,-0.37755
18.1818,-0.37755
20.4545,-0.37755
22.7273,-0.37755
25,-0.37755
27.2727,-0.37755
29.5455,-0.37755
31.8182,-0.37755
34.0909,-0.37755
36.3636,-0.37755
38.6364,-0.37755
40.9091,-0.37755
43.1818,-0.37755
45.4545,-0.37755
47.7273,-0.37755
50,-0.37755
0,-0.27551
2.2727,-0.27551
4.5455,-0.27551
6.8182,-0.27551
9.0909,-0.27551
11.3636,-0.27551
13.6364,-0.27551
15.9091,-0.27551
18.1818,-0.27551
20.4545,-0.27551
22.7273,-0.27551
25,-0.27551
27.2727,-0.27551
29.5455,-0.27551
31.8182,-0.27551
34.0909,-0.27551
36.3636,-0.27551
38.6364,-0.27551
40.9091,-0.27551
43.1818,-0.27551
45.4545,-0.27551
47.7273,-0.27551
50,-0.27551
0,-0.17347
2.2727,-0.17347
4.5455,-0.17347
6.8182,-0.17347
9.0909,-0.17347
11.3636,-0.17347
13.6364,-0.17347
15.9091,-0.17347
18.1818,-0.17347
20.4545,-0.17347
22.7273,-0.17347
25,-0.17347
27.2727,-0.17347
29.5455,-0.17347
31.8182,-0.17347
34.0909,-0.17347
36.3636,-0.17347
38.6364,-0.17347
40.9091,-0.17347
43.1818,-0.17347
45.4545,-0.17347
47.7273,-0.17347
50,-0.17347
0,-0.071429
2.2727,-0.071429
4.5455,-0.071429
6.8182,-0.071429
9.0909,-0.071429
11.3636,-0.071429
13.6364,-0.071429
15.9091,-0.071429
18.1818,-0.071429
20.4545,-0.071429
22.7273,-0.071429
25,-0.071429
27.2727,-0.071429
29.5455,-0.071429
31.8182,-0.071429
34.0909,-0.071429
36.3636,-0.071429
38.6364,-0.071429
40.9091,-0.071429
43.1818,-0.071429
45.4545,-0.071429
47.7273,-0.071429
50,-0.071429
0,0.030612
2.2727,0.030612
4.5455,0.030612
6.8182,0.030612
9.0909,0.030612
11.3636,0.030612
13.6364,0.030612
15.9091,0.030612
18.1818,0.030612
20.4545,0.030612
22.7273,0.030612
25,0.030612
27.2727,0.030612
29.5455,0.030612
31.8182,0.030612
34.0909,0.030612
36.3636,0.030612
38.6364,0.030612
40.9091,0.030612
43.1818,0.030612
45.4545,0.030612
47.7273,0.030612
50,0.030612
0,0.13265
2.2727,0.13265
4.5455,0.13265
6.8182,0.13265
9.0909,0.13265
11.3636,0.13265
13.6364,0.13265
15.9091,0.13265
18.1818,0.13265
20.4545,0.13265
22.7273,0.13265
25,0.13265
27.2727,0.13265
29.5455,0.13265
31.8182,0.13265
34.0909,0.13265
36.3636,0.13265
38.6364,0.13265
40.9091,0.13265
43.1818,0.13265
45.4545,0.13265
47.7273,0.13265
50,0.13265
0,0.23469
2.2727,0.23469
4.5455,0.23469
6.8182,0.23469
9.0909,0.23469
11.3636,0.23469
13.6364,0.23469
15.9091,0.23469
18.1818,0.23469
20.4545,0.23469
22.7273,0.23469
25,0.23469
27.2727,0.23469
29.5455,0.23469
31.8182,0.23469
34.0909,0.23469
36.3636,0.23469
38.6364,0.23469
40.9091,0.23469
43.1818,0.23469
45.4545,0.23469
47.7273,0.23469
50,0.23469
0,0.33673
2.2727,0.33673
4.5455,0.33673
6.8182,0.33673
9.0909,0.33673
11.3636,0.33673
13.6364,0.33673
15.9091,0.33673
18.1818,0.33673
20.4545,0.33673
22.7273,0.33673
25,0.33673
27.2727,0.33673
29.5455,0.33673
31.8182,0.33673
34.0909,0.33673
36.3636,0.33673
38.6364,0.33673
40.9091,0.33673
43.1818,0.33673
45.4545,0.33673
47.7273,0.33673
50,0.33673
0,0.43878
2.2727,0.43878
4.5455,0.43878
6.8182,0.43878
9.0909,0.43878
11.3636,0.43878
13.6364,0.43878
15.9091,0.43878
18.1818,0.43878
20.4545,0.43878
22.7273,0.43878
25,0.43878
27.2727,0.43878
29.5455,0.43878
31.8182,0.43878
34.0909,0.43878
36.3636,0.43878
38.6364,0.43878
40.9091,0.43878
43.1818,0.43878
45.4545,0.43878
47.7273,0.43878
50,0.43878
0,0.54082
2.2727,0.54082
4.5455,0.54082
6.8182,0.54082
9.0909,0.54082
11.3636,0.54082
13.6364,0.54082
15.9091,0.54082
18.1818,0.54082
20.4545,0.54082
22.7273,0.54082
25,0.54082
27.2727,0.54082
29.5455,0.54082
31.8182,0.54082
34.0909,0.54082
36.3636,0.54082
38.6364,0.54082
40.9091,0.54082
43.1818,0.54082
45.4545,0.54082
47.7273,0.54082
50,0.54082
0,0.64286
2.2727,0.64286
4.5455,0.64286
6.8182,0.64286
9.0909,0.64286
11.3636,0.64286
13.6364,0.64286
15.9091,0.64286
18.1818,0.64286
20.4545,0.64286
22.7273,0.64286
25,0.64286
27.2727,0.64286
29.5455,0.64286
31.8182,0.64286
34.0909,0.64286
36.3636,0.64286
38.6364,0.64286
40.9091,0.64286
43.1818,0.64286
45.4545,0.64286
47.7273,0.64286
50,0.64286
0,0.7449
2.2727,0.7449
4.5455,0.7449
6.8182,0.7449
9.0909,0.7449
11.3636,0.7449
13.6364,0.7449
15.9091,0.7449
18.1818,0.7449
20.4545,0.7449
22.7273,0.7449
25,0.7449
27.2727,0.7449
29.5455,0.7449
31.8182,0.7449
34.0909,0.7449
36.3636,0.7449
38.6364,0.7449
40.9091,0.7449
43.1818,0.7449
45.4545,0.7449
47.7273,0.7449
50,0.7449
0,0.84694
2.2727,0.84694
4.5455,0.84694
6.8182,0.84694
9.0909,0.84694
11.3636,0.84694
13.6364,0.84694
15.9091,0.84694
18.1818,0.84694
20.4545,0.84694
22.7273,0.84694
25,0.84694
27.2727,0.84694
29.5455,0.84694
31.8182,0.84694
34.0909,0.84694
36.3636,0.84694
38.6364,0.84694
40.9091,0.84694
43.1818,0.84694
45.4545,0.84694
47.7273,0.84694
50,0.84694
0,0.94898
2.2727,0.94898
4.5455,0.94898
6.8182,0.94898
9.0909,0.94898
11.3636,0.94898
13.6364,0.94898
15.9091,0.94898
18.1818,0.94898
20.4545,0.94898
22.7273,0.94898
25,0.94898
27.2727,0.94898
29.5455,0.94898
31.8182,0.94898
34.0909,0.94898
36.3636,0.94898
38.6364,0.94898
40.9091,0.94898
43.1818,0.94898
45.4545,0.94898
47.7273,0.94898
50,0.94898
0,1.051
2.2727,1.051
4.5455,1.051
6.8182,1.051
9.0909,1.051
11.3636,1.051
13.6364,1.051
15.9091,1.051
18.1818,1.051
20.4545,1.051
22.7273,1.051
25,1.051
27.2727,1.051
29.5455,1.051
31.8182,1.051
34.0909,1.051
36.3636,1.051
38.6364,1.051
40.9091,1.051
43.1818,1.051
45.4545,1.051
47.7273,1.051
50,1.051
0,1.1531
2.2727,1.1531
4.5455,1.1531
6.8182,1.1531
9.0909,1.1531
11.3636,1.1531
13.6364,1.1531
15.9091,1.1531
18.1818,1.1531
20.4545,1.1531
22.7273,1.1531
25,1.1531
27.2727,1.1531
29.5455,1.1531
31.8182,1.1531
34.0909,1.1531
36.3636,1.1531
38.6364,1.1531
40.9091,1.1531
43.1818,1.1531
45.4545,1.1531
47.7273,1.1531
50,1.1531
0,1.2551
2.2727,1.2551
4.5455,1.2551
6.8182,1.2551
9.0909,1.2551
11.3636,1.2551
13.6364,1.2551
15.9091,1.2551
18.1818,1.2551
20.4545,1.2551
22.7273,1.2551
25,1.2551
27.2727,1.2551
29.5455,1.2551
31.8182,1.2551
34.0909,1.2551
36.3636,1.2551
38.6364,1.2551
40.9091,1.2551
43.1818,1.2551
45.4545,1.2551
47.7273,1.2551
50,1.2551
0,1.3571
2.2727,1.3571
4.5455,1.3571
6.8182,1.3571
9.0909,1.3571
11.3636,1.3571
13.6364,1.3571
15.9091,1.3571
18.1818,1.3571
20.4545,1.3571
22.7273,1.3571
25,1.3571
27.2727,1.3571
29.5455,1.3571
31.8182,1.3571
34.0909,1.3571
36.3636,1.3571
38.6364,1.3571
40.9091,1.3571
43.1818,1.3571
45.4545,1.3571
47.7273,1.3571
50,1.3571
0,1.4592
2.2727,1.4592
4.5455,1.4592
6.8182,1.4592
9.0909,1.4592
11.3636,1.4592
13.6364,1.4592
15.9091,1.4592
18.1818,1.4592
20.4545,1.4592
22.7273,1.4592
25,1.4592
27.2727,1.4592
29.5455,1.4592
31.8182,1.4592
34.0909,1.4592
36.3636,1.4592
38.6364,1.4592
40.9091,1.4592
43.1818,1.4592
45.4545,1.4592
47.7273,1.4592
50,1.4592
0,1.5612
2.2727,1.5612
4.5455,1.5612
6.8182,1.5612
9.0909,1.5612
11.3636,1.5612
13.6364,1.5612
15.9091,1.5612
18.1818,1.5612
20.4545,1.5612
22.7273,1.5612
25,1.5612
27.2727,1.5612
29.5455,1.5612
31.8182,1.5612
34.0909,1.5612
36.3636,1.5612
38.6364,1.5612
40.9091,1.5612
43.1818,1.5612
45.4545,1.5612
47.7273,1.5612
50,1.5612
0,1.6633
2.2727,1.6633
4.5455,1.6633
6.8182,1.6633
9.0909,1.6633
11.3636,1.6633
13.6364,1.6633
15.9091,1.6633
18.1818,1.6633
20.4545,1.6633
22.7273,1.6633
25,1.6633
27.2727,1.6633
29.5455,1.6633
31.8182,1.6633
34.0909,1.6633
36.3636,1.6633
38.6364,1.6633
40.9091,1.6633
43.1818,1.6633
45.4545,1.6633
47.7273,1.6633
50,1.6633
0,1.7653
2.2727,1.7653
4.5455,1.7653
6.8182,1.7653
9.0909,1.7653
11.3636,1.7653
13.6364,1.7653
15.9091,1.7653
18.1818,1.7653
20.4545,1.7653
22.7273,1.7653
25,1.7653
27.2727,1.7653
29.5455,1.7653
31.8182,1.7653
34.0909,1.7653
36.3636,1.7653
38.6364,1.7653
40.9091,1.7653
43.1818,1.7653
45.4545,1.7653
47.7273,1.7653
50,1.7653
0,1.8673
2.2727,1.8673
4.5455,1.8673
6.8182,1.8673
9.0909,1.8673
11.3636,1.8673
13.6364,1.8673
15.9091,1.8673
18.1818,1.8673
20.4545,1.8673
22.7273,1.8673
25,1.8673
27.2727,1.8673
29.5455,1.8673
31.8182,1.8673
34.0909,1.8673
36.3636,1.8673
38.6364,1.8673
40.9091,1.8673
43.1818,1.8673
45.4545,1.8673
47.7273,1.8673
50,1.8673
0,1.9694
2.2727,1.9694
4.5455,1.9694
6.8182,1.9694
9.0909,1.9694
11.3636,1.9694
13.6364,1.9694
15.9091,1.9694
18.1818,1.9694
20.4545,1.9694
22.7273,1.9694
25,1.9694
27.2727,1.9694
29.5455,1.9694
31.8182,1.9694
34.0909,1.9694
36.3636,1.9694
38.6364,1.9694
40.9091,1.9694
43.1818,1.9694
45.4545,1.9694
47.7273,1.9694
50,1.9694
0,2.0714
2.2727,2.0714
4.5455,2.0714
6.8182,2.0714
9.0909,2.0714
11.3636,2.0714
13.6364,2.0714
15.9091,2.0714
18.1818,2.0714
20.4545,2.0714
22.7273,2.0714
25,2.0714
27.2727,2.0714
29.5455,2.0714
31.8182,2.0714
34.0909,2.0714
36.3636,2.0714
38.6364,2.0714
40.9091,2.0714
43.1818,2.0714
45.4545,2.0714
47.7273,2.0714
50,2.0714
0,2.1735
2.2727,2.1735
4.5455,2.1735
6.8182,2.1735
9.0909,2.1735
11.3636,2.1735
13.6364,2.1735
15.9091,2.1735
18.1818,2.1735
20.4545,2.1735
22.7273,2.1735
25,2.1735
27.2727,2.1735
29.5455,2.1735
31.8182,2.1735
34.0909,2.1735
36.3636,2.1735
38.6364,2.1735
40.9091,2.1735
43.1818,2.1735
45.4545,2.1735
47.7273,2.1735
50,2.1735
0,2.2755
2.2727,2.2755
4.5455,2.2755
6.8182,2.2755
9.0909,2.2755
11.3636,2.2755
13.6364,2.2755
15.9091,2.2755
18.1818,2.2755
20.4545,2.2755
22.7273,2.2755
25,2.2755
27.2727,2.2755
29.5455,2.2755
31.8182,2.2755
34.0909,2.2755
36.3636,2.2755
38.6364,2.2755
40.9091,2.2755
43.1818,2.2755
45.4545,2.2755
47.7273,2.2755
50,2.2755
0,2.3776
2.2727,2.3776
4.5455,2.3776
6.8182,2.3776
9.0909,2.3776
11.3636,2.3776
13.6364,2.3776
15.9091,2.3776
18.1818,2.3776
20.4545,2.3776
22.7273,2.3776
25,2.3776
27.2727,2.3776
29.5455,2.3776
31.8182,2.3776
34.0909,2.3776
36.3636,2.3776
38.6364,2.3776
40.9091,2.3776
43.1818,2.3776
45.4545,2.3776
47.7273,2.3776
50,2.3776
0,2.4796
2.2727,2.4796
4.5455,2.4796
6.8182,2.4796
9.0909,2.4796
11.3636,2.4796
13.6364,2.4796
15.9091,2.4796
18.1818,2.4796
20.4545,2.4796
22.7273,2.4796
25,2.4796
27.2727,2.4796
29.5455,2.4796
31.8182,2.4796
34.0909,2.4796
36.3636,2.4796
38.6364,2.4796
40.9091,2.4796
43.1818,2.4796
45.4545,2.4796
47.7273,2.4796
50,2.4796
0,2.5816
2.2727,2.5816
4.5455,2.5816
6.8182,2.5816
9.0909,2.5816
11.3636,2.5816
13.6364,2.5816
15.9091,2.5816
18.1818,2.5816
20.4545,2.5816
22.7273,2.5816
25,2.5816
27.2727,2.5816
29.5455,2.5816
31.8182,2.5816
34.0909,2.5816
36.3636,2.5816
38.6364,2.5816
40.9091,2.5816
43.1818,2.5816
45.4545,2.5816
47.7273,2.5816
50,2.5816
0,2.6837
2.2727,2.6837
4.5455,2.6837
6.8182,2.6837
9.0909,2.6837
11.3636,2.6837
13.6364,2.6837
15.9091,2.6837
18.1818,2.6837
20.4545,2.6837
22.7273,2.6837
25,2.6837
27.2727,2.6837
29.5455,2.6837
31.8182,2.6837
34.0909,2.6837
36.3636,2.6837
38.6364,2.6837
40.9091,2.6837
43.1818,2.6837
45.4545,2.6837
47.7273,2.6837
50,2.6837
0,2.7857
2.2727,2.7857
4.5455,2.7857
6.8182,2.7857
9.0909,2.7857
11.3636,2.7857
13.6364,2.7857
15.9091,2.7857
18.1818,2.7857
20.4545,2.7857
22.7273,2.7857
25,2.7857
27.2727,2.7857
29.5455,2.7857
31.8182,2.7857
34.0909,2.7857
36.3636,2.7857
38.6364,2.7857
40.9091,2.7857
43.1818,2.7857
45.4545,2.7857
47.7273,2.7857
50,2.7857
0,2.8878
2.2727,2.8878
4.5455,2.8878
6.8182,2.8878
9.0909,2.8878
11.3636,2.8878
13.6364,2.8878
15.9091,2.8878
18.1818,2.8878
20.4545,2.8878
22.7273,2.8878
25,2.8878
27.2727,2.8878
29.5455,2.8878
31.8182,2.8878
34.0909,2.8878
36.3636,2.8878
38.6364,2.8878
40.9091,2.8878
43.1818,2.8878
45.4545,2.8878
47.7273,2.8878
50,2.8878
0,2.9898
2.2727,2.9898
4.5455,2.9898
6.8182,2.9898
9.0909,2.9898
11.3636,2.9898
13.6364,2.9898
15.9091,2.9898
18.1818,2.9898
20.4545,2.9898
22.7273,2.9898
25,2.9898
27.2727,2.9898
29.5455,2.9898
31.8182,2.9898
34.0909,2.9898
36.3636,2.9898
38.6364,2.9898
40.9091,2.9898
43.1818,2.9898
45.4545,2.9898
47.7273,2.9898
50,2.9898
0,3.0918
2.2727,3.0918
4.5455,3.0918
6.8182,3.0918
9.0909,3.0918
11.3636,3.0918
13.6364,3.0918
15.9091,3.0918
18.1818,3.0918
20.4545,3.0918
22.7273,3.0918
25,3.0918
27.2727,3.0918
29.5455,3.0918
31.8182,3.0918
34.0909,3.0918
36.3636,3.0918
38.6364,3.0918
40.9091,3.0918
43.1818,3.0918
45.4545,3.0918
47.7273,3.0918
50,3.0918
0,3.1939
2.2727,3.1939
4.5455,3.1939
6.8182,3.1939
9.0909,3.1939
11.3636,3.1939
13.6364,3.1939
15.9091,3.1939
18.1818,3.1939
20.4545,3.1939
22.7273,3.1939
25,3.1939
27.2727,3.1939
29.5455,3.1939
31.8182,3.1939
34.0909,3.1939
36.3636,3.1939
38.6364,3.1939
40.9091,3.1939
43.1818,3.1939
45.4545,3.1939
47.7273,3.1939
50,3.1939
0,3.2959
2.2727,3.2959
4.5455,3.2959
6.8182,3.2959
9.0909,3.2959
11.3636,3.2959
13.6364,3.2959
15.9091,3.2959
18.1818,3.2959
20.4545,3.2959
22.7273,3.2959
25,3.2959
27.2727,3.2959
29.5455,3.2959
31.8182,3.2959
34.0909,3.2959
36.3636,3.2959
38.6364,3.2959
40.9091,3.2959
43.1818,3.2959
45.4545,3.2959
47.7273,3.2959
50,3.2959
0,3.398
2.2727,3.398
4.5455,3.398
6.8182,3.398
9.0909,3.398
11.3636,3.398
13.6364,3.398
15.9091,3.398
18.1818,3.398
20.4545,3.398
22.7273,3.398
25,3.398
27.2727,3.398
29.5455,3.398
31.8182,3.398
34.0909,3.398
36.3636,3.398
38.6364,3.398
40.9091,3.398
43.1818,3.398
45.4545,3.398
47.7273,3.398
50,3.398
0,3.5
2.2727,3.5
4.5455,3.5
6.8182,3.5
9.0909,3.5
11.3636,3.5
13.6364,3.5
15.9091,3.5
18.1818,3.5
20.4545,3.5
22.7273,3.5
25,3.5
27.2727,3.5
29.5455,3.5
31.8182,3.5
34.0909,3.5
36.3636,3.5
38.6364,3.5
40.9091,3.5
43.1818,3.5
45.4545,3.5
47.7273,3.5
50,3.5
*Element
1,2,25,24
2,3,26,25
3,4,27,26
4,5,28,27
5,6,29,28
6,7,30,29
7,8,31,30
8,9,32,31
9,10,33,32
10,11,34,33
11,12,35,34
12,13,36,35
13,14,37,36
14,15,38,37
15,16,39,38
16,17,40,39
17,18,41,40
18,19,42,41
19,20,43,42
20,21,44,43
21,22,45,44
22,23,46,45
24,25,48,47
25,26,49,48
26,27,50,49
27,28,51,50
28,29,52,51
29,30,53,52
30,31,54,53
31,32,55,54
32,33,56,55
33,34,57,56
34,35,58,57
35,36,59,58
36,37,60,59
37,38,61,60
38,39,62,61
39,40,63,62
40,41,64,63
41,42,65,64
42,43,66,65
43,44,67,66
44,45,68,67
45,46,69,68
47,48,71,70
48,49,72,71
49,50,73,72
50,51,74,73
51,52,75,74
52,53,76,75
53,54,77,76
54,55,78,77
55,56,79,78
56,57,80,79
57,58,81,80
58,59,82,81
59,60,83,82
60,61,84,83
61,62,85,84
62,63,86,85
63,64,87,86
64,65,88,87
65,66,89,88
66,67,90,89
67,68,91,90
68,69,92,91
70,71,94,93
71,72,95,94
72,73,96,95
73,74,97,96
74,75,98,97
75,76,99,98
76,77,100,99
77,78,101,100
78,79,102,101
79,80,103,102
80,81,104,103
81,82,105,104
82,83,106,105
83,84,107,106
84,85,108,107
85,86,109,108
86,87,110,109
87,88,111,110
88,89,112,111
89,90,113,112
90,91,114,113
91,92,115,114
93,94,117,116
94,95,118,117
95,96,119,118
96,97,120,119
97,98,121,120
98,99,122,121
99,100,123,122
100,101,124,123
101,102,125,124
102,103,126,125
103,104,127,126
104,105,128,127
105,106,129,128
106,107,130,129
107,108,131,130
108,109,132,131
109,110,133,132
110,111,134,133
111,112,135,134
112,113,136,135
113,114,137,136
114,115,138,137
116,117,140,139
117,118,141,140
118,119,142,141
119,120,143,142
120,121,144,143
121,122,145,144
122,123,146,145
123,124,147,146
124,125,148,147
125,126,149,148
126,127,150,149
127,128,151,150
128,129,152,151
129,130,153,152
130,131,154,153
131,132,155,154
132,133,156,155
133,134,157,156
134,135,158,157
135,136,159,158
136,137,160,159
137,138,161,160
139,140,163,162
140,141,164,163
141,142,165,164
142,143,166,165
143,144,167,166
144,145,168,167
145,146,169,168
146,147,170,169
147,148,171,170
148,149,172,171
149,150,173,172
150,151,174,173
151,152,175,174
152,153,176,175
153,154,177,176
154,155,178,177
155,156,179,178
156,157,180,179
157,158,181,180
158,159,182,181
159,160,183,182
160,161,184,183
162,163,186,185
163,164,187,186
164,165,188,187
165,166,189,188
166,167,190,189
167,168,191,190
168,169,192,191
169,170,193,192
170,171,194,193
171,172,195,194
172,173,196,195
173,174,197,196
174,175,198,197
175,176,199,198
176,177,200,199
177,178,201,200
178,179,202,201
179,180,203,202
180,181,204,203
181,182,205,204
182,183,206,205
183,184,207,206
185,186,209,208
186,187,210,209
187,188,211,210
188,189,212,211
189,190,213,212
190,191,214,213
191,192,215,214
192,193,216,215
193,194,217,216
194,195,218,217
195,196,219,218
196,197,220,219
197,198,221,220
198,199,222,221
199,200,223,222
200,201,224,223
201,202,225,224
202,203,226,225
203,204,227,226
204,205,228,227
205,206,229,228
206,207,230,229
208,209,232,231
209,210,233,232
210,211,234,233
211,212,235,234
212,213,236,235
213,214,237,236
214,215,238,237
215,216,239,238
216,217,240,239
217,218,241,240
218,219,242,241
219,220,243,242
220,221,244,243
221,222,245,244
222,223,246,245
223,224,247,246
224,225,248,247
225,226,249,248
226,227,250,249
227,228,251,250
228,229,252,251
229,230,253,252
231,232,255,254
232,233,256,255
233,234,257,256
234,235,258,257
235,236,259,258
236,237,260,259
237,238,261,260
238,239,262,261
239,240,263,262
240,241,264,263
241,242,265,264
242,243,266,265
243,244,267,266
244,245,268,267
245,246,269,268
246,247,270,269
247,248,271,270
248,249,272,271
249,250,273,272
250,251,274,273
251,252,275,274
252,253,276,275
254,255,278,277
255,256,279,278
256,257,280,279
257,258,281,280
258,259,282,281
259,260,283,282
260,261,284,283
261,262,285,284
262,263,286,285
263,264,287,286
264,265,288,287
265,266,289,288
266,267,290,289
267,268,291,290
268,269,292,291
269,270,293,292
270,271,294,293
271,272,295,294
272,273,296,295
273,274,297,296
274,275,298,297
275,276,299,298
277,278,301,300
278,279,302,301
279,280,303,302
280,281,304,303
281,282,305,304
282,283,306,305
283,284,307,306
284,285,308,307
285,286,309,308
286,287,310,309
287,288,311,310
288,289,312,311
289,290,313,312
290,291,314,313
291,292,315,314
292,293,316,315
293,294,317,316
294,295,318,317
295,296,319,318
296,297,320,319
297,298,321,320
298,299,322,321
300,301,324,323
301,302,325,324
302,303,326,325
303,304,327,326
304,305,328,327
305,306,329,328
306,307,330,329
307,308,331,330
308,309,332,331
309,310,333,332
310,311,334,333
311,312,335,334
312,313,336,335
313,314,337,336
314,315,338,337
315,316,339,338
316,317,340,339
317,318,341,340
318,319,342,341
319,320,343,342
320,321,344,343
321,322,345,344
323,324,347,346
324,325,348,347
325,326,349,348
326,327,350,349
327,328,351,350
328,329,352,351
329,330,353,352
330,331,354,353
331,332,355,354
332,333,356,355
333,334,357,356
334,335,358,357
335,336,359,358
336,337,360,359
337,338,361,360
338,339,362,361
339,340,363,362
340,341,364,363
341,342,365,364
342,343,366,365
343,344,367,366
344,345,368,367
346,347,370,369
347,348,371,370
348,349,372,371
349,350,373,372
350,351,374,373
351,352,375,374
352,353,376,375
353,354,377,376
354,355,378,377
355,356,379,378
356,357,380,379
357,358,381,380
358,359,382,381
359,360,383,382
360,361,384,383
361,362,385,384
362,363,386,385
363,364,387,386
364,365,388,387
365,366,389,388
366,367,390,389
367,368,391,390
369,370,393,392
370,371,394,393
371,372,395,394
372,373,396,395
373,374,397,396
374,375,398,397
375,376,399,398
376,377,400,399
377,378,401,400
378,379,402,401
379,380,403,402
380,381,404,403
381,382,405,404
382,383,406,405
383,384,407,406
384,385,408,407
385,386,409,408
386,387,410,409
387,388,411,410
388,389,412,411
389,390,413,412
390,391,414,413
392,393,416,415
393,394,417,416
394,395,418,417
395,396,419,418
396,397,420,419
397,398,421,420
398,399,422,421
399,400,423,422
400,401,424,423
401,402,425,424
402,403,426,425
403,404,427,426
404,405,428,427
405,406,429,428
406,407,430,429
407,408,431,430
408,409,432,431
409,410,433,432
410,411,434,433
411,412,435,434
412,413,436,435
413,414,437,436
415,416,439,438
416,417,440,439
417,418,441,440
418,419,442,441
419,420,443,442
420,421,444,443
421,422,445,444
422,423,446,445
423,424,447,446
424,425,448,447
425,426,449,448
426,427,450,449
427,428,451,450
428,429,452,451
429,430,453,452
430,431,454,453
431,432,455,454
432,433,456,455
433,434,457,456
434,435,458,457
435,436,459,458
436,437,460,459
438,439,462,461
439,440,463,462
440,441,464,463
441,442,465,464
442,443,466,465
443,444,467,466
444,445,468,467
445,446,469,468
446,447,470,469
447,448,471,470
448,449,472,471
449,450,473,472
450,451,474,473
451,452,475,474
452,453,476,475
453,454,477,476
454,455,478,477
455,456,479,478
456,457,480,479
457,458,481,480
458,459,482,481
459,460,483,482
461,462,485,484
462,463,486,485
463,464,487,486
464,465,488,487
465,466,489,488
466,467,490,489
467,468,491,490
468,469,492,491
469,470,493,492
470,471,494,493
471,472,495,494
472,473,496,495
473,474,497,496
474,475,498,497
475,476,499,498
476,477,500,499
477,478,501,500
478,479,502,501
479,480,503,502
480,481,504,503
481,482,505,504
482,483,506,505
484,485,508,507
485,486,509,508
486,487,510,509
487,488,511,510
488,489,512,511
489,490,513,512
490,491,514,513
491,492,515,514
492,493,516,515
493,494,517,516
494,495,518,517
495,496,519,518
496,497,520,519
497,498,521,520
498,499,522,521
499,500,523,522
500,501,524,523
501,502,525,524
502,503,526,525
503,504,527,526
504,505,528,527
505,506,529,528
507,508,531,530
508,509,532,531
509,510,533,532
510,511,534,533
511,512,535,534
512,513,536,535
513,514,537,536
514,515,538,537
515,516,539,538
516,517,540,539
517,518,541,540
518,519,542,541
519,520,543,542
520,521,544,543
521,522,545,544
522,523,546,545
523,524,547,546
524,525,548,547
525,526,549,548
526,527,550,549
527,528,551,550
528,529,552,551
530,531,554,553
531,532,555,554
532,533,556,555
533,534,557,556
534,535,558,557
535,536,559,558
536,537,560,559
537,538,561,560
538,539,562,561
539,540,563,562
540,541,564,563
541,542,565,564
542,543,566,565
543,544,567,566
544,545,568,567
545,546,569,568
546,547,570,569
547,548,571,570
548,549,572,571
549,550,573,572
550,551,574,573
551,552,575,574
553,554,577,576
554,555,578,577
555,556,579,578
556,557,580,579
557,558,581,580
558,559,582,581
559,560,583,582
560,561,584,583
561,562,585,584
562,563,586,585
563,564,587,586
564,565,588,587
565,566,589,588
566,567,590,589
567,568,591,590
568,569,592,591
569,570,593,592
570,571,594,593
571,572,595,594
572,573,596,595
573,574,597,596
574,575,598,597
576,577,600,599
577,578,601,600
578,579,602,601
579,580,603,602
580,581,604,603
581,582,605,604
582,583,606,605
583,584,607,606
584,585,608,607
585,586,609,608
586,587,610,609
587,588,611,610
588,589,612,611
589,590,613,612
590,591,614,613
591,592,615,614
592,593,616,615
593,594,617,616
594,595,618,617
595,596,619,618
596,597,620,619
597,598,621,620
599,600,623,622
600,601,624,623
601,602,625,624
602,603,626,625
603,604,627,626
604,605,628,627
605,606,629,628
606,607,630,629
607,608,631,630
608,609,632,631
609,610,633,632
610,611,634,633
611,612,635,634
612,613,636,635
613,614,637,636
614,615,638,637
615,616,639,638
616,617,640,639
617,618,641,640
618,619,642,641
619,620,643,642
620,621,644,643
622,623,646,645
623,624,647,646
624,625,648,647
625,626,649,648
626,627,650,649
627,628,651,650
628,629,652,651
629,630,653,652
630,631,654,653
631,632,655,654
632,633,656,655
633,634,657,656
634,635,658,657
635,636,659,658
636,637,660,659
637,638,661,660
638,639,662,661
639,640,663,662
640,641,664,663
641,642,665,664
642,643,666,665
643,644,667,666
645,646,669,668
646,647,670,669
647,648,671,670
648,649,672,671
649,650,673,672
650,651,674,673
651,652,675,674
652,653,676,675
653,654,677,676
654,655,678,677
655,656,679,678
656,657,680,679
657,658,681,680
658,659,682,681
659,660,683,682
660,661,684,683
661,662,685,684
662,663,686,685
663,664,687,686
664,665,688,687
665,666,689,688
666,667,690,689
668,669,692,691
669,670,693,692
670,671,694,693
671,672,695,694
672,673,696,695
673,674,697,696
674,675,698,697
675,676,699,698
676,677,700,699
677,678,701,700
678,679,702,701
679,680,703,702
680,681,704,703
681,682,705,704
682,683,706,705
683,684,707,706
684,685,708,707
685,686,709,708
686,687,710,709
687,688,711,710
688,689,712,711
689,690,713,712
691,692,715,714
692,693,716,715
693,694,717,716
694,695,718,717
695,696,719,718
696,697,720,719
697,698,721,720
698,699,722,721
699,700,723,722
700,701,724,723
701,702,725,724
702,703,726,725
703,704,727,726
704,705,728,727
705,706,729,728
706,707,730,729
707,708,731,730
708,709,732,731
709,710,733,732
710,711,734,733
711,712,735,734
712,713,736,735
714,715,738,737
715,716,739,738
716,717,740,739
717,718,741,740
718,719,742,741
719,720,743,742
720,721,744,743
721,722,745,744
722,723,746,745
723,724,747,746
724,725,748,747
725,726,749,748
726,727,750,749
727,728,751,750
728,729,752,751
729,730,753,752
730,731,754,753
731,732,755,754
732,733,756,755
733,734,757,756
734,735,758,757
735,736,759,758
737,738,761,760
738,739,762,761
739,740,763,762
740,741,764,763
741,742,765,764
742,743,766,765
743,744,767,766
744,745,768,767
745,746,769,768
746,747,770,769
747,748,771,770
748,749,772,771
749,750,773,772
750,751,774,773
751,752,775,774
752,753,776,775
753,754,777,776
754,755,778,777
755,756,779,778
756,757,780,779
757,758,781,780
758,759,782,781
760,761,784,783
761,762,785,784
762,763,786,785
763,764,787,786
764,765,788,787
765,766,789,788
766,767,790,789
767,768,791,790
768,769,792,791
769,770,793,792
770,771,794,793
771,772,795,794
772,773,796,795
773,774,797,796
774,775,798,797
775,776,799,798
776,777,800,799
777,778,801,800
778,779,802,801
779,780,803,802
780,781,804,803
781,782,805,804
783,784,807,806
784,785,808,807
785,786,809,808
786,787,810,809
787,788,811,810
788,789,812,811
789,790,813,812
790,791,814,813
791,792,815,814
792,793,816,815
793,794,817,816
794,795,818,817
795,796,819,818
796,797,820,819
797,798,821,820
798,799,822,821
799,800,823,822
800,801,824,823
801,802,825,824
802,803,826,825
803,804,827,826
804,805,828,827
806,807,830,829
807,808,831,830
808,809,832,831
809,810,833,832
810,811,834,833
811,812,835,834
812,813,836,835
813,814,837,836
814,815,838,837
815,816,839,838
816,817,840,839
817,818,841,840
818,819,842,841
819,820,843,842
820,821,844,843
821,822,845,844
822,823,846,845
823,824,847,846
824,825,848,847
825,826,849,848
826,827,850,849
827,828,851,850
829,830,853,852
830,831,854,853
831,832,855,854
832,833,856,855
833,834,857,856
834,835,858,857
835,836,859,858
836,837,860,859
837,838,861,860
838,839,862,861
839,840,863,862
840,841,864,863
841,842,865,864
842,843,866,865
843,844,867,866
844,845,868,867
845,846,869,868
846,847,870,869
847,848,871,870
848,849,872,871
849,850,873,872
850,851,874,873
852,853,876,875
853,854,877,876
854,855,878,877
855,856,879,878
856,857,880,879
857,858,881,880
858,859,882,881
859,860,883,882
860,861,884,883
861,862,885,884
862,863,886,885
863,864,887,886
864,865,888,887
865,866,889,888
866,867,890,889
867,868,891,890
868,869,892,891
869,870,893,892
870,871,894,893
871,872,895,894
872,873,896,895
873,874,897,896
875,876,899,898
876,877,900,899
877,878,901,900
878,879,902,901
879,880,903,902
880,881,904,903
881,882,905,904
882,883,906,905
883,884,907,906
884,885,908,907
885,886,909,908
886,887,910,909
887,888,911,910
888,889,912,911
889,890,913,912
890,891,914,913
891,892,915,914
892,893,916,915
893,894,917,916
894,895,918,917
895,896,919,918
896,897,920,919
898,899,922,921
899,900,923,922
900,901,924,923
901,902,925,924
902,903,926,925
903,904,927,926
904,905,928,927
905,906,929,928
906,907,930,929
907,908,931,930
908,909,932,931
909,910,933,932
910,911,934,933
911,912,935,934
912,913,936,935
913,914,937,936
914,915,938,937
915,916,939,938
916,917,940,939
917,918,941,940
918,919,942,941
919,920,943,942
921,922,945,944
922,923,946,945
923,924,947,946
924,925,948,947
925,926,949,948
926,927,950,949
927,928,951,950
928,929,952,951
929,930,953,952
930,931,954,953
931,932,955,954
932,933,956,955
933,934,957,956
934,935,958,957
935,936,959,958
936,937,960,959
937,938,961,960
938,939,962,961
939,940,963,962
940,941,964,963
941,942,965,964
942,943,966,965
944,945,968,967
945,946,969,968
946,947,970,969
947,948,971,970
948,949,972,971
949,950,973,972
950,951,974,973
951,952,975,974
952,953,976,975
953,954,977,976
954,955,978,977
955,956,979,978
956,957,980,979
957,958,981,980
958,959,982,981
959,960,983,982
960,961,984,983
961,962,985,984
962,963,986,985
963,964,987,986
964,965,988,987
965,966,989,988
967,968,991,990
968,969,992,991
969,970,993,992
970,971,994,993
971,972,995,994
972,973,996,995
973,974,997,996
974,975,998,997
975,976,999,998
976,977,1000,999
977,978,1001,1000
978,979,1002,1001
979,980,1003,1002
980,981,1004,1003
981,982,1005,1004
982,983,1006,1005
983,984,1007,1006
984,985,1008,1007
985,986,1009,1008
986,987,1010,1009
987,988,1011,1010
988,989,1012,1011
990,991,1014,1013
991,992,1015,1014
992,993,1016,1015
993,994,1017,1016
994,995,1018,1017
995,996,1019,1018
996,997,1020,1019
997,998,1021,1020
998,999,1022,1021
999,1000,1023,1022
1000,1001,1024,1023
1001,1002,1025,1024
1002,1003,1026,1025
1003,1004,1027,1026
1004,1005,1028,1027
1005,1006,1029,1028
1006,1007,1030,1029
1007,1008,1031,1030
1008,1009,1032,1031
1009,1010,1033,1032
1010,1011,1034,1033
1011,1012,1035,1034
1013,1014,1037,1036
1014,1015,1038,1037
1015,1016,1039,1038
1016,1017,1040,1039
1017,1018,1041,1040
1018,1019,1042,1041
1019,1020,1043,1042
1020,1021,1044,1043
1021,1022,1045,1044
1022,1023,1046,1045
1023,1024,1047,1046
1024,1025,1048,1047
1025,1026,1049,1048
1026,1027,1050,1049
1027,1028,1051,1050
1028,1029,1052,1051
1029,1030,1053,1052
1030,1031,1054,1053
1031,1032,1055,1054
1032,1033,1056,1055
1033,1034,1057,1056
1034,1035,1058,1057
1036,1037,1060,1059
1037,1038,1061,1060
1038,1039,1062,1061
1039,1040,1063,1062
1040,1041,1064,1063
1041,1042,1065,1064
1042,1043,1066,1065
1043,1044,1067,1066
1044,1045,1068,1067
1045,1046,1069,1068
1046,1047,1070,1069
1047,1048,1071,1070
1048,1049,1072,1071
1049,1050,1073,1072
1050,1051,1074,1073
1051,1052,1075,1074
1052,1053,1076,1075
1053,1054,1077,1076
1054,1055,1078,1077
1055,1056,1079,1078
1056,1057,1080,1079
1057,1058,1081,1080
1059,1060,1083,1082
1060,1061,1084,1083
1061,1062,1085,1084
1062,1063,1086,1085
1063,1064,1087,1086
1064,1065,1088,1087
1065,1066,1089,1088
1066,1067,1090,1089
1067,1068,1091,1090
1068,1069,1092,1091
1069,1070,1093,1092
1070,1071,1094,1093
1071,1072,1095,1094
1072,1073,1096,1095
1073,1074,1097,1096
1074,1075,1098,1097
1075,1076,1099,1098
1076,1077,1100,1099
1077,1078,1101,1100
1078,1079,1102,1101
1079,1080,1103,1102
1080,1081,1104,1103
1082,1083,1106,1105
1083,1084,1107,1106
1084,1085,1108,1107
1085,1086,1109,1108
1086,1087,1110,1109
1087,1088,1111,1110
1088,1089,1112,1111
1089,1090,1113,1112
1090,1091,1114,1113
1091,1092,1115,1114
1092,1093,1116,1115
1093,1094,1117,1116
1094,1095,1118,1117
1095,1096,1119,1118
1096,1097,1120,1119
1097,1098,1121,1120
1098,1099,1122,1121
1099,1100,1123,1122
1100,1101,1124,1123
1101,1102,1125,1124
1102,1103,1126,1125
1103,1104,1127,1126
1105,1106,1129,1128
1106,1107,1130,1129
1107,1108,1131,1130
1108,1109,1132,1131
1109,1110,1133,1132
1110,1111,1134,1133
1111,1112,1135,1134
1112,1113,1136,1135
1113,1114,1137,1136
1114,1115,1138,1137
1115,1116,1139,1138
1116,1117,1140,1139
1117,1118,1141,1140
1118,1119,1142,1141
1119,1120,1143,1142
1120,1121,1144,1143
1121,1122,1145,1144
1122,1123,1146,1145
1123,1124,1147,1146
1124,1125,1148,1147
1125,1126,1149,1148
1126,1127,1150,1149